1200 5240 480 2

750

0 25 6000
1 50 12000
2 75 18000
3 100 25000
4 125 32000
5 150 30000
6 175 36000
7 200 43000
8 225 49000
9 250 55000

0 40000
1 30000
2 20000
3 40000
4 30000
5 40000
6 40000
7 40000
8 20000
9 20000
10 30000
11 20000
12 30000
13 20000
14 20000
15 40000
16 20000
17 40000
18 40000
19 30000
20 20000
21 40000
22 30000
23 20000
24 40000
25 20000
26 40000
27 20000
28 40000
29 40000
30 40000
31 40000
32 40000
33 20000
34 40000
35 40000
36 20000
37 40000
38 30000
39 30000
40 30000
41 30000
42 30000
43 20000
44 30000
45 20000
46 30000
47 20000
48 40000
49 20000
50 30000
51 5000
52 30000
53 30000
54 20000
55 40000
56 40000
57 20000
58 30000
59 30000
60 30000
61 30000
62 30000
63 20000
64 5000
65 40000
66 30000
67 40000
68 30000
69 30000
70 40000
71 40000
72 20000
73 40000
74 20000
75 30000
76 30000
77 20000
78 30000
79 20000
80 30000
81 30000
82 40000
83 20000
84 20000
85 30000
86 20000
87 40000
88 20000
89 20000
90 5000
91 40000
92 20000
93 5000
94 5000
95 40000
96 40000
97 40000
98 20000
99 20000
100 30000
101 40000
102 30000
103 40000
104 20000
105 30000
106 20000
107 20000
108 20000
109 20000
110 20000
111 30000
112 30000
113 5000
114 40000
115 40000
116 40000
117 40000
118 40000
119 40000
120 40000
121 40000
122 40000
123 20000
124 30000
125 40000
126 30000
127 40000
128 30000
129 30000
130 20000
131 20000
132 40000
133 30000
134 20000
135 40000
136 30000
137 20000
138 30000
139 30000
140 20000
141 30000
142 30000
143 20000
144 30000
145 30000
146 30000
147 30000
148 30000
149 30000
150 30000
151 30000
152 30000
153 40000
154 30000
155 20000
156 40000
157 40000
158 40000
159 5000
160 20000
161 20000
162 30000
163 20000
164 30000
165 30000
166 30000
167 20000
168 30000
169 40000
170 30000
171 20000
172 40000
173 30000
174 30000
175 40000
176 40000
177 40000
178 40000
179 20000
180 20000
181 20000
182 30000
183 30000
184 20000
185 30000
186 30000
187 30000
188 40000
189 30000
190 30000
191 30000
192 40000
193 40000
194 20000
195 30000
196 40000
197 30000
198 5000
199 5000
200 40000
201 40000
202 40000
203 40000
204 30000
205 30000
206 20000
207 40000
208 30000
209 30000
210 30000
211 40000
212 30000
213 20000
214 20000
215 20000
216 30000
217 20000
218 30000
219 20000
220 40000
221 40000
222 40000
223 40000
224 40000
225 40000
226 20000
227 30000
228 20000
229 20000
230 30000
231 30000
232 40000
233 30000
234 40000
235 30000
236 40000
237 30000
238 40000
239 30000
240 30000
241 30000
242 30000
243 30000
244 30000
245 20000
246 30000
247 20000
248 30000
249 30000
250 40000
251 40000
252 40000
253 40000
254 20000
255 20000
256 20000
257 40000
258 30000
259 30000
260 30000
261 20000
262 30000
263 20000
264 30000
265 30000
266 30000
267 20000
268 20000
269 20000
270 30000
271 30000
272 5000
273 40000
274 20000
275 40000
276 40000
277 30000
278 30000
279 20000
280 30000
281 30000
282 30000
283 20000
284 20000
285 40000
286 40000
287 40000
288 40000
289 20000
290 20000
291 30000
292 30000
293 20000
294 30000
295 20000
296 20000
297 20000
298 40000
299 30000
300 40000
301 30000
302 40000
303 20000
304 30000
305 30000
306 30000
307 30000
308 40000
309 30000
310 40000
311 5000
312 5000
313 40000
314 40000
315 40000
316 40000
317 40000
318 40000
319 30000
320 30000
321 30000
322 30000
323 30000
324 40000
325 20000
326 30000
327 30000
328 40000
329 30000
330 40000
331 40000
332 40000
333 40000
334 40000
335 40000
336 30000
337 40000
338 30000
339 20000
340 40000
341 30000
342 30000
343 30000
344 30000
345 20000
346 20000
347 20000
348 30000
349 30000
350 40000
351 30000
352 30000
353 30000
354 30000
355 20000
356 40000
357 40000
358 40000
359 40000
360 40000
361 40000
362 40000
363 5000
364 30000
365 20000
366 40000
367 20000
368 40000
369 20000
370 30000
371 30000
372 30000
373 40000
374 40000
375 30000
376 30000
377 30000
378 20000
379 30000
380 20000
381 30000
382 20000
383 30000
384 30000
385 40000
386 30000
387 40000
388 20000
389 30000
390 30000
391 30000
392 40000
393 20000
394 30000
395 40000
396 40000
397 20000
398 40000
399 40000
400 30000
401 30000
402 30000
403 30000
404 30000
405 30000
406 30000
407 40000
408 40000
409 30000
410 30000
411 30000
412 40000
413 40000
414 30000
415 20000
416 20000
417 30000
418 30000
419 40000
420 40000
421 40000
422 40000
423 20000
424 30000
425 40000
426 30000
427 30000
428 20000
429 30000
430 20000
431 30000
432 30000
433 20000
434 20000
435 40000
436 40000
437 20000
438 30000
439 5000
440 40000
441 20000
442 40000
443 20000
444 40000
445 40000
446 30000
447 30000
448 40000
449 20000
450 30000
451 30000
452 5000
453 40000
454 5000
455 30000
456 30000
457 20000
458 5000
459 40000
460 30000
461 20000
462 30000
463 20000
464 40000
465 30000
466 20000
467 20000
468 40000
469 20000
470 40000
471 40000
472 20000
473 40000
474 30000
475 30000
476 40000
477 20000
478 30000
479 30000
480 30000
481 30000
482 30000
483 40000
484 40000
485 40000
486 40000
487 40000
488 20000
489 40000
490 40000
491 20000
492 40000
493 20000
494 30000
495 30000
496 30000
497 30000
498 40000
499 20000
500 30000
501 40000
502 20000
503 20000
504 30000
505 5000
506 5000
507 40000
508 30000
509 20000
510 20000
511 40000
512 20000
513 20000
514 30000
515 40000
516 40000
517 20000
518 40000
519 40000
520 30000
521 30000
522 20000
523 30000
524 20000
525 30000
526 30000
527 30000
528 30000
529 40000
530 5000
531 5000
532 20000
533 30000
534 30000
535 30000
536 20000
537 30000
538 20000
539 30000
540 40000
541 20000
542 40000
543 40000
544 40000
545 40000
546 20000
547 20000
548 40000
549 20000
550 30000
551 20000
552 20000
553 30000
554 30000
555 20000
556 30000
557 40000
558 20000
559 30000
560 30000
561 30000
562 40000
563 30000
564 30000
565 20000
566 30000
567 30000
568 30000
569 20000
570 40000
571 40000
572 40000
573 30000
574 20000
575 30000
576 20000
577 30000
578 40000
579 30000
580 30000
581 20000
582 30000
583 20000
584 30000
585 40000
586 40000
587 40000
588 40000
589 20000
590 30000
591 30000
592 30000
593 20000
594 30000
595 30000
596 30000
597 30000
598 40000
599 30000
600 40000
601 40000
602 40000
603 40000
604 30000
605 30000
606 40000
607 20000
608 30000
609 30000
610 30000
611 20000
612 20000
613 30000
614 20000
615 30000
616 20000
617 20000
618 30000
619 40000
620 40000
621 40000
622 30000
623 30000
624 30000
625 30000
626 40000
627 20000
628 20000
629 30000
630 40000
631 40000
632 40000
633 20000
634 30000
635 30000
636 30000
637 40000
638 20000
639 30000
640 20000
641 30000
642 40000
643 30000
644 30000
645 40000
646 40000
647 40000
648 20000
649 40000
650 40000
651 40000
652 20000
653 30000
654 20000
655 20000
656 40000
657 30000
658 20000
659 20000
660 20000
661 30000
662 20000
663 40000
664 30000
665 40000
666 30000
667 30000
668 30000
669 30000
670 30000
671 30000
672 30000
673 30000
674 30000
675 20000
676 20000
677 20000
678 20000
679 30000
680 40000
681 30000
682 30000
683 30000
684 30000
685 40000
686 30000
687 40000
688 40000
689 20000
690 40000
691 40000
692 30000
693 30000
694 30000
695 40000
696 30000
697 30000
698 40000
699 20000
700 40000
701 40000
702 20000
703 40000
704 40000
705 20000
706 40000
707 40000
708 30000
709 20000
710 30000
711 20000
712 30000
713 20000
714 20000
715 20000
716 40000
717 30000
718 40000
719 30000
720 30000
721 30000
722 30000
723 20000
724 30000
725 30000
726 40000
727 30000
728 20000
729 40000
730 30000
731 30000
732 20000
733 40000
734 20000
735 20000
736 40000
737 40000
738 40000
739 40000
740 20000
741 5000
742 40000
743 5000
744 30000
745 30000
746 30000
747 20000
748 30000
749 40000
750 40000
751 30000
752 20000
753 20000
754 30000
755 40000
756 30000
757 30000
758 30000
759 20000
760 20000
761 40000
762 40000
763 20000
764 40000
765 40000
766 5000
767 40000
768 40000
769 40000
770 40000
771 30000
772 20000
773 30000
774 20000
775 20000
776 30000
777 30000
778 20000
779 40000
780 30000
781 30000
782 40000
783 30000
784 30000
785 20000
786 40000
787 40000
788 5000
789 20000
790 30000
791 20000
792 40000
793 30000
794 30000
795 20000
796 40000
797 30000
798 30000
799 40000
800 40000
801 40000
802 40000
803 40000
804 20000
805 30000
806 30000
807 30000
808 20000
809 20000
810 30000
811 30000
812 20000
813 30000
814 20000
815 40000
816 20000
817 30000
818 30000
819 20000
820 40000
821 40000
822 30000
823 40000
824 40000
825 40000
826 20000
827 30000
828 20000
829 30000
830 20000
831 40000
832 5000
833 40000
834 40000
835 40000
836 20000
837 40000
838 40000
839 40000
840 20000
841 30000
842 40000
843 30000
844 20000
845 5000
846 5000
847 5000
848 5000
849 30000
850 20000
851 30000
852 30000
853 20000
854 30000
855 30000
856 20000
857 30000
858 30000
859 30000
860 20000
861 20000
862 40000
863 40000
864 5000
865 40000
866 30000
867 40000
868 20000
869 40000
870 40000
871 40000
872 40000
873 40000
874 40000
875 20000
876 30000
877 40000
878 30000
879 20000
880 30000
881 20000
882 30000
883 20000
884 30000
885 30000
886 30000
887 20000
888 30000
889 20000
890 30000
891 30000
892 30000
893 40000
894 30000
895 20000
896 30000
897 40000
898 30000
899 5000
900 40000
901 40000
902 40000
903 40000
904 40000
905 20000
906 20000
907 30000
908 20000
909 30000
910 30000
911 40000
912 40000
913 20000
914 30000
915 30000
916 40000
917 40000
918 20000
919 30000
920 40000
921 30000
922 20000
923 30000
924 30000
925 40000
926 40000
927 40000
928 30000
929 30000
930 40000
931 20000
932 30000
933 30000
934 30000
935 40000
936 40000
937 40000
938 30000
939 40000
940 20000
941 20000
942 30000
943 20000
944 20000
945 30000
946 30000
947 30000
948 30000
949 30000
950 40000
951 40000
952 40000
953 40000
954 20000
955 30000
956 30000
957 30000
958 40000
959 30000
960 20000
961 30000
962 40000
963 20000
964 30000
965 40000
966 40000
967 40000
968 30000
969 30000
970 40000
971 30000
972 20000
973 30000
974 30000
975 20000
976 30000
977 30000
978 30000
979 20000
980 40000
981 40000
982 40000
983 40000
984 30000
985 30000
986 30000
987 30000
988 20000
989 30000
990 20000
991 40000
992 30000
993 40000
994 30000
995 40000
996 30000
997 20000
998 30000
999 30000
1000 40000
1001 40000
1002 40000
1003 40000
1004 40000
1005 30000
1006 30000
1007 40000
1008 30000
1009 30000
1010 30000
1011 40000
1012 20000
1013 30000
1014 40000
1015 30000
1016 30000
1017 20000
1018 30000
1019 40000
1020 20000
1021 40000
1022 30000
1023 30000
1024 30000
1025 40000
1026 40000
1027 40000
1028 40000
1029 40000
1030 40000
1031 20000
1032 30000
1033 30000
1034 40000
1035 30000
1036 40000
1037 40000
1038 20000
1039 30000
1040 30000
1041 30000
1042 20000
1043 40000
1044 20000
1045 30000
1046 30000
1047 30000
1048 30000
1049 20000
1050 20000
1051 20000
1052 20000
1053 40000
1054 20000
1055 40000
1056 20000
1057 20000
1058 30000
1059 40000
1060 40000
1061 20000
1062 40000
1063 40000
1064 30000
1065 40000
1066 30000
1067 40000
1068 40000
1069 30000
1070 40000
1071 20000
1072 20000
1073 30000
1074 20000
1075 40000
1076 20000
1077 30000
1078 40000
1079 20000
1080 40000
1081 40000
1082 40000
1083 20000
1084 30000
1085 30000
1086 30000
1087 30000
1088 30000
1089 30000
1090 30000
1091 30000
1092 30000
1093 30000
1094 20000
1095 20000
1096 40000
1097 40000
1098 20000
1099 40000
1100 30000
1101 30000
1102 20000
1103 30000
1104 40000
1105 40000
1106 30000
1107 20000
1108 40000
1109 30000
1110 40000
1111 40000
1112 40000
1113 40000
1114 20000
1115 40000
1116 20000
1117 40000
1118 20000
1119 30000
1120 30000
1121 40000
1122 30000
1123 20000
1124 20000
1125 30000
1126 20000
1127 40000
1128 30000
1129 5000
1130 5000
1131 5000
1132 5000
1133 30000
1134 40000
1135 20000
1136 40000
1137 40000
1138 40000
1139 30000
1140 40000
1141 40000
1142 30000
1143 20000
1144 30000
1145 30000
1146 40000
1147 30000
1148 30000
1149 30000
1150 40000
1151 40000
1152 40000
1153 30000
1154 30000
1155 40000
1156 30000
1157 30000
1158 20000
1159 20000
1160 30000
1161 40000
1162 30000
1163 30000
1164 30000
1165 40000
1166 40000
1167 40000
1168 40000
1169 40000
1170 40000
1171 40000
1172 30000
1173 30000
1174 30000
1175 20000
1176 30000
1177 30000
1178 30000
1179 20000
1180 30000
1181 40000
1182 20000
1183 30000
1184 30000
1185 20000
1186 20000
1187 30000
1188 30000
1189 40000
1190 40000
1191 30000
1192 30000
1193 20000
1194 20000
1195 30000
1196 30000
1197 40000
1198 30000
1199 30000

0 1 7 5
0 2 1 10
0 3 9 2
0 4 21 6
0 5 6 4
0 6 48 2
0 33 46 4
0 65 25 3
0 73 21 4
0 74 28 10
0 95 44 4
0 98 16 3
0 117 15 1
0 155 1 4
0 156 39 7
0 177 10 6
0 200 30 5
0 201 9 4
0 220 41 7
0 221 33 10
0 251 32 1
0 252 46 5
0 275 19 3
0 290 38 8
0 315 32 4
0 330 36 5
0 333 1 10
0 350 46 6
0 356 24 8
0 359 35 1
0 395 45 7
0 396 25 10
0 420 43 3
0 422 20 2
0 442 11 1
0 445 21 3
0 470 17 8
0 471 29 9
0 486 4 3
0 490 25 1
0 518 14 8
0 543 29 3
0 545 12 6
0 572 6 9
0 585 42 3
0 586 35 8
0 603 35 1
0 620 41 6
0 621 34 5
0 631 41 10
0 632 27 5
0 646 8 6
0 648 45 8
0 680 42 9
0 685 39 8
0 690 23 2
0 702 48 6
0 704 27 9
0 736 27 4
0 738 8 2
0 761 39 10
0 764 6 8
0 785 35 8
0 787 19 2
0 802 14 1
0 803 45 2
0 825 15 9
0 836 33 2
0 838 19 8
0 865 2 3
0 870 44 8
0 874 33 4
0 901 16 2
0 902 4 10
0 926 40 5
0 936 37 9
0 950 47 4
0 951 46 9
0 965 2 3
0 966 2 9
0 981 44 8
0 1003 50 5
0 1025 8 6
0 1030 9 4
0 1055 5 10
0 1062 13 3
0 1063 37 8
0 1080 13 2
0 1081 48 7
0 1095 43 9
0 1096 24 4
0 1105 27 5
0 1111 44 6
0 1114 12 6
0 1140 33 8
0 1150 10 6
0 1151 23 7
0 1166 48 3
0 1168 30 5
1 686 35 4
2 416 37 3
3 150 43 3
4 984 7 6
5 6 22 10
5 7 7 2
5 8 35 6
5 9 15 1
5 10 22 1
5 177 39 9
5 252 50 3
5 254 1 7
5 276 13 7
5 332 44 7
5 398 42 3
5 472 48 9
5 487 45 9
5 585 26 5
5 685 5 8
5 701 19 8
5 762 25 10
5 803 27 10
5 935 12 5
5 950 5 2
5 952 23 5
5 967 25 9
5 1080 20 8
6 7 48 10
6 8 10 2
6 9 41 2
6 11 21 2
6 12 40 4
6 13 9 4
6 14 43 4
6 15 29 3
6 65 8 8
6 115 26 1
6 200 31 10
6 275 35 3
6 286 30 1
6 317 32 5
6 360 9 4
6 362 36 1
6 630 26 8
6 645 34 5
6 651 17 10
6 685 45 8
6 691 43 1
6 738 23 8
6 763 8 1
6 787 5 1
6 804 33 6
6 904 35 9
6 1000 42 6
6 1027 37 10
6 1096 41 3
6 1105 37 5
7 8 1 2
7 9 33 8
7 16 36 1
7 17 9 7
7 18 3 10
7 19 9 9
7 20 27 9
7 21 44 8
7 22 39 8
7 65 7 10
7 175 1 8
7 544 15 9
7 572 1 10
7 632 11 10
7 680 23 2
7 700 33 3
7 786 16 1
7 825 24 2
7 865 18 7
7 870 1 4
7 903 9 1
7 926 5 10
7 936 18 8
7 982 2 10
7 1060 12 3
7 1112 35 10
7 1140 35 3
7 1165 5 3
7 1166 31 9
8 9 7 8
8 23 31 8
8 24 6 6
8 25 36 5
8 121 49 10
8 155 36 3
8 220 22 5
8 223 23 5
8 286 19 2
8 332 4 9
8 350 3 5
8 421 13 1
8 423 21 1
8 443 38 7
8 572 50 2
8 603 39 4
8 680 9 1
8 690 1 9
8 925 21 1
8 1055 36 4
8 1096 29 3
8 1105 30 4
8 1113 29 7
8 1140 40 6
8 1151 43 9
9 26 25 10
9 27 25 6
9 28 17 5
9 29 44 3
9 32 28 1
9 35 2 5
9 70 33 1
9 72 17 5
9 95 39 8
9 97 20 4
9 156 47 6
9 201 20 9
9 315 16 7
9 350 17 3
9 399 38 10
9 440 39 2
9 472 20 8
9 488 6 9
9 515 38 2
9 516 16 6
9 541 23 8
9 587 32 10
9 600 23 3
9 621 5 7
9 735 19 4
9 825 10 2
9 835 13 2
9 839 14 2
9 865 15 10
9 873 42 7
9 966 13 10
9 1002 2 5
9 1030 6 5
9 1055 26 2
9 1060 7 3
9 1082 33 2
9 1150 2 7
10 453 17 10
10 483 43 3
15 235 35 8
16 416 45 6
17 693 31 4
18 745 43 8
18 830 18 6
18 1195 40 3
19 579 14 2
21 151 31 3
21 181 17 5
22 1187 26 6
23 448 27 9
24 502 40 7
24 551 35 4
24 686 5 2
25 1049 17 5
25 1075 45 10
26 409 49 1
27 91 31 1
28 573 33 3
28 674 6 9
28 1086 7 9
29 411 10 8
29 740 43 5
29 829 14 1
30 31 20 3
30 32 10 9
30 33 14 4
30 34 48 2
30 35 48 1
30 36 31 7
30 37 23 3
30 38 37 7
30 39 16 4
30 40 21 8
30 176 14 10
30 222 41 10
30 286 3 9
30 316 29 8
30 398 35 9
30 445 30 5
30 470 15 2
30 570 36 8
30 630 18 5
30 680 8 4
30 685 33 5
30 760 23 7
30 786 33 5
30 825 48 7
30 865 46 7
30 983 36 3
30 1003 18 1
30 1055 21 8
30 1096 34 5
30 1114 1 5
30 1141 44 2
30 1152 22 6
31 32 34 6
31 33 21 5
31 34 2 10
31 35 48 7
31 36 21 2
31 41 47 10
31 42 48 5
31 43 18 5
31 44 2 10
31 45 1 5
31 46 13 5
31 47 26 7
31 156 6 2
31 202 34 3
31 471 12 3
31 516 21 5
31 541 19 7
31 572 12 1
31 620 44 4
31 702 4 4
31 761 24 9
31 826 37 10
31 839 8 4
31 865 4 3
31 875 18 10
31 936 3 6
31 950 42 4
31 966 6 8
31 1055 46 7
31 1141 22 6
31 1165 18 9
32 33 21 4
32 34 38 7
32 35 1 10
32 36 33 1
32 48 26 6
32 49 12 1
32 50 39 9
32 98 22 4
32 116 39 9
32 285 20 2
32 359 39 5
32 395 23 10
32 422 3 8
32 516 38 3
32 965 50 3
33 34 17 9
33 35 20 2
33 36 27 10
33 51 26 9
33 177 13 8
33 223 44 7
33 276 12 7
33 330 12 3
33 350 21 1
33 356 41 4
33 585 14 4
33 645 4 1
33 706 16 7
33 803 17 3
33 835 2 9
33 872 32 8
33 926 11 9
33 1001 41 4
33 1025 41 4
33 1062 34 10
33 1095 2 8
33 1166 39 5
34 35 31 3
34 36 42 10
34 52 6 10
34 53 34 3
34 54 44 9
34 55 40 3
34 56 44 4
34 57 3 8
34 58 49 3
34 122 7 10
34 157 16 1
34 317 16 4
34 646 9 8
34 691 40 5
34 1063 25 4
34 1081 6 8
34 1105 46 9
35 36 29 10
35 59 16 9
35 60 23 10
35 61 31 7
35 62 22 8
35 63 28 2
35 65 19 3
35 71 4 8
35 97 24 9
35 251 1 9
35 333 15 8
35 350 35 10
35 421 15 5
35 486 15 5
35 603 23 6
35 691 4 8
35 736 43 4
35 739 48 3
35 801 49 8
35 926 33 3
35 950 16 4
35 980 29 4
35 1025 39 1
35 1082 41 10
35 1111 32 10
35 1150 1 9
36 64 19 2
36 74 36 7
36 201 31 2
36 253 1 2
36 441 1 9
36 487 14 7
36 541 37 9
36 603 36 2
36 620 40 9
36 680 8 3
36 787 44 6
36 902 50 2
36 904 46 6
36 937 32 7
36 1105 32 7
37 170 6 6
37 808 44 7
37 1098 34 9
39 501 4 2
39 1176 26 2
44 584 3 2
47 814 32 5
48 170 3 9
48 186 34 7
48 1021 11 5
50 56 32 1
52 244 47 2
53 721 47 7
53 750 16 2
53 867 35 2
55 86 18 2
55 971 42 10
56 941 4 5
57 255 26 10
57 1099 5 4
59 408 6 8
59 622 38 4
59 917 4 4
62 127 29 7
62 911 35 10
65 66 12 3
65 67 47 8
65 68 14 10
65 69 19 7
65 72 39 1
65 74 15 4
65 97 10 10
65 120 20 1
65 121 20 3
65 158 49 3
65 178 18 1
65 200 23 1
65 203 24 3
65 222 27 8
65 225 37 7
65 250 44 8
65 251 3 4
65 275 31 7
65 285 1 10
65 290 38 6
65 315 3 7
65 330 50 8
65 333 44 2
65 350 22 4
65 362 39 6
65 398 37 10
65 421 26 1
65 423 20 8
65 441 34 4
65 444 13 1
65 470 29 1
65 485 18 6
65 487 41 9
65 516 12 10
65 517 11 5
65 540 42 3
65 545 17 5
65 571 38 3
65 572 50 2
65 586 12 10
65 601 16 4
65 602 1 3
65 620 10 2
65 621 24 2
65 631 12 2
65 650 43 1
65 680 17 5
65 685 9 5
65 690 36 4
65 702 9 1
65 703 47 9
65 735 47 1
65 737 49 10
65 760 35 9
65 785 11 1
65 787 12 4
65 800 15 7
65 802 16 9
65 825 29 2
65 826 29 9
65 835 25 9
65 865 29 7
65 872 39 5
65 900 22 8
65 901 22 2
65 926 33 1
65 935 7 5
65 936 6 10
65 950 28 10
65 966 21 9
65 967 49 1
65 981 28 10
65 1002 24 9
65 1028 9 4
65 1029 50 4
65 1055 5 9
65 1060 27 10
65 1062 30 2
65 1080 16 2
65 1081 14 7
65 1095 20 6
65 1105 16 9
65 1115 38 4
65 1140 14 3
65 1141 10 9
65 1150 14 10
65 1151 33 6
65 1167 16 8
65 1171 47 4
67 961 6 9
69 855 47 3
70 71 23 5
70 72 23 5
70 73 36 10
70 74 17 10
70 75 39 6
70 76 11 8
70 122 12 4
70 223 46 5
70 317 43 2
70 350 41 6
70 395 19 10
70 396 44 8
70 485 44 10
70 486 2 2
70 543 1 2
70 586 49 2
70 685 29 3
70 787 29 8
70 800 40 3
70 826 22 10
70 871 7 7
70 875 24 7
70 926 10 5
70 1000 22 10
70 1025 29 7
70 1082 26 3
70 1096 42 4
70 1111 37 9
71 72 19 1
71 73 11 4
71 74 23 4
71 77 32 1
71 78 20 5
71 79 45 10
71 80 41 2
71 81 47 2
71 119 34 5
71 203 50 8
71 252 46 9
71 276 3 1
71 287 9 9
71 333 29 1
71 355 12 5
71 603 47 8
71 632 41 5
71 680 49 5
71 703 9 5
71 706 5 7
71 737 7 10
71 762 3 6
71 802 36 9
71 835 16 2
71 865 12 10
71 902 29 4
71 936 25 5
71 982 23 5
71 1001 39 1
71 1029 1 6
71 1105 2 10
71 1140 26 6
72 73 4 8
72 74 6 3
72 82 11 1
72 157 25 4
72 178 44 1
72 225 38 5
72 285 27 7
72 317 9 1
72 362 31 7
72 420 39 1
72 445 2 10
72 517 3 1
72 545 44 9
72 570 8 9
72 571 10 4
72 585 48 8
72 620 33 4
72 685 17 8
72 739 12 6
72 826 3 9
72 925 10 4
72 981 1 3
72 1055 31 10
72 1141 13 7
72 1151 12 4
73 74 37 8
73 83 13 1
73 84 27 2
73 85 23 10
73 86 16 4
73 87 29 2
73 88 6 1
73 89 44 6
73 97 31 10
73 158 48 7
73 178 26 1
73 201 15 10
73 276 40 8
73 332 49 2
73 350 43 3
73 422 42 4
73 472 43 2
73 600 37 2
73 621 24 6
73 680 20 3
73 865 36 9
73 951 49 7
73 967 3 5
73 1063 33 3
73 1081 26 6
73 1095 48 4
73 1105 39 1
73 1112 19 3
73 1169 9 8
74 90 22 2
74 91 21 4
74 92 4 9
74 93 3 6
74 94 46 2
74 95 15 10
74 252 39 8
74 443 3 5
74 471 42 9
74 518 7 5
74 632 6 7
74 649 10 10
74 690 48 8
74 764 50 10
74 786 16 9
74 840 42 6
74 902 5 4
74 937 50 9
74 950 26 4
74 1060 26 1
74 1170 7 7
75 211 23 7
76 1065 17 5
77 159 28 8
79 454 24 9
79 917 44 9
79 1014 13 9
79 1076 46 8
80 1070 2 1
81 969 37 5
81 1067 20 9
82 314 43 1
82 370 50 10
83 407 34 4
87 497 2 6
87 1184 7 6
91 309 14 4
91 1194 18 2
92 93 20 2
92 1138 6 6
95 96 46 3
95 97 19 5
95 98 25 8
95 99 27 8
95 100 43 8
95 101 37 10
95 102 13 6
95 103 48 4
95 104 22 8
95 119 48 3
95 317 41 1
95 350 23 2
95 485 25 7
95 516 34 6
95 602 8 9
95 621 30 4
95 680 4 4
95 702 38 3
95 705 14 9
95 761 34 3
95 787 1 6
95 826 13 1
95 865 38 7
95 872 48 8
95 903 31 2
95 1026 36 10
95 1055 50 7
95 1060 5 8
95 1061 12 4
95 1095 38 4
95 1105 45 3
95 1140 24 8
95 1150 39 6
96 97 12 5
96 98 32 10
96 105 30 5
96 106 30 7
96 107 26 5
96 108 4 4
96 109 4 4
96 156 4 5
96 158 25 7
96 177 49 4
96 223 12 6
96 250 18 3
96 276 8 8
96 287 32 4
96 317 34 7
96 330 45 10
96 350 42 9
96 361 34 4
96 422 31 5
96 442 15 4
96 444 13 7
96 487 24 8
96 516 24 9
96 543 26 6
96 585 12 3
96 631 42 7
96 685 36 1
96 691 4 7
96 737 33 7
96 840 47 2
96 937 5 5
96 982 36 8
96 1001 35 6
96 1030 48 6
96 1080 5 3
96 1152 23 3
96 1168 36 6
96 1171 41 1
97 98 22 5
97 110 13 9
97 111 49 3
97 112 18 2
97 177 23 3
97 221 11 7
97 330 1 1
97 399 40 9
97 472 44 1
97 542 12 3
97 570 15 9
97 571 10 1
97 620 27 2
97 650 42 5
97 651 19 9
97 680 36 7
97 690 24 7
97 764 25 1
97 786 36 2
97 825 9 1
97 950 14 8
97 967 12 10
97 982 28 9
97 1001 12 10
97 1096 32 5
97 1105 25 1
97 1111 11 10
97 1112 41 7
98 113 21 2
98 114 13 6
98 118 46 4
98 201 32 10
98 250 8 3
98 276 33 1
98 287 28 3
98 355 42 6
98 397 4 5
98 423 11 8
98 585 30 9
98 602 13 1
98 631 35 8
98 738 6 10
98 800 3 10
98 803 34 2
98 836 20 5
98 874 15 7
98 901 22 2
98 925 14 6
98 926 21 6
98 935 20 9
98 950 42 2
98 965 50 6
98 1055 8 2
98 1082 6 3
98 1141 45 8
99 467 43 10
100 548 43 8
100 1181 18 2
101 341 34 1
101 968 9 7
102 473 4 3
103 592 1 6
105 173 19 4
106 434 35 7
106 1121 34 3
107 1011 16 3
109 555 34 3
111 403 22 7
112 244 48 3
112 1099 27 2
114 208 6 6
114 1138 27 9
115 116 24 8
115 117 10 5
115 118 42 4
115 119 37 9
115 120 17 3
115 121 42 2
115 122 7 2
115 123 41 4
115 124 27 3
115 125 14 10
115 126 48 6
115 441 5 2
115 570 24 3
115 571 11 5
115 586 15 9
115 630 35 10
115 691 33 2
115 785 28 9
115 825 28 3
115 901 3 1
115 925 45 8
115 950 34 4
115 1055 41 9
115 1081 4 6
115 1095 10 2
115 1105 13 1
115 1114 29 5
115 1141 28 7
115 1170 39 2
116 117 1 2
116 118 34 2
116 119 50 3
116 120 38 7
116 121 2 2
116 122 9 1
116 127 33 1
116 128 23 1
116 129 18 1
116 275 28 7
116 315 33 6
116 333 24 9
116 396 21 9
116 397 15 6
116 621 39 9
116 648 32 7
116 702 18 8
116 736 27 8
116 801 44 4
116 826 11 10
116 865 18 9
116 874 1 3
116 1096 25 4
116 1140 16 7
116 1151 29 5
117 118 19 9
117 119 49 2
117 120 6 9
117 121 9 3
117 122 11 10
117 130 38 4
117 131 38 2
117 132 43 9
117 133 11 8
117 176 42 10
117 317 26 3
117 420 45 3
117 423 43 2
117 487 36 4
117 680 14 3
117 690 13 10
117 761 8 3
117 872 21 1
117 980 44 10
117 981 8 9
117 1055 14 8
118 119 25 5
118 120 45 6
118 121 34 7
118 122 13 1
118 134 16 9
118 135 45 3
118 136 49 4
118 137 4 6
118 202 32 6
118 276 35 5
118 350 10 1
118 489 12 3
118 518 35 5
118 544 25 2
118 601 7 4
118 621 44 8
118 705 11 10
118 803 31 9
118 837 5 7
118 840 17 2
118 937 30 10
118 1003 32 1
118 1110 21 8
119 120 38 2
119 121 38 1
119 122 12 3
119 138 33 1
119 139 46 5
119 140 24 8
119 141 50 10
119 142 11 9
119 143 43 5
119 144 23 8
119 145 19 8
119 250 1 8
119 253 2 4
119 362 23 4
119 470 36 8
119 541 16 6
119 685 14 8
119 739 39 2
119 901 20 10
119 966 38 7
119 1029 36 2
119 1030 44 7
119 1152 49 3
120 121 13 9
120 122 19 4
120 146 6 6
120 147 5 2
120 157 5 6
120 158 46 2
120 223 30 5
120 225 22 1
120 517 25 8
120 680 30 1
120 685 38 5
120 865 30 10
120 926 29 8
120 1001 20 3
120 1060 12 4
120 1061 12 6
120 1081 2 5
121 122 44 4
121 148 33 2
121 149 15 10
121 150 37 2
121 151 2 9
121 179 49 1
121 201 25 8
121 350 33 3
121 585 43 10
121 602 18 2
121 630 17 10
121 649 45 10
121 764 15 9
121 785 31 1
121 936 15 6
121 950 17 6
121 966 14 4
121 1105 22 4
122 152 47 10
122 153 11 10
122 154 35 8
122 285 39 6
122 290 44 1
122 360 49 9
122 442 9 10
122 470 31 10
122 1168 42 6
125 278 45 9
125 1127 10 6
132 923 38 5
133 351 37 1
135 384 12 2
136 270 48 2
136 1197 50 5
137 1194 28 2
138 298 35 4
139 150 44 7
140 511 27 10
142 1068 10 8
143 328 40 3
144 1104 19 8
146 1033 48 7
146 1161 14 5
148 771 36 9
149 721 47 1
150 829 44 7
152 1189 40 7
153 304 46 7
153 309 47 6
155 156 8 8
155 157 5 1
155 158 29 9
155 159 43 3
155 223 10 4
155 290 33 3
155 316 14 10
155 330 1 5
155 421 30 2
155 471 13 9
155 472 2 7
155 542 23 7
155 544 16 8
155 585 8 7
155 602 8 3
155 631 33 8
155 680 11 2
155 690 49 5
155 705 27 8
155 737 38 8
155 826 15 9
155 872 4 9
155 902 35 3
155 967 22 2
155 1055 18 9
155 1105 18 4
155 1111 26 5
156 157 26 10
156 158 26 7
156 160 27 1
156 161 40 9
156 162 46 1
156 163 12 6
156 176 20 1
156 179 39 5
156 202 47 5
156 221 20 6
156 287 7 7
156 315 11 8
156 399 5 3
156 489 20 10
156 517 45 6
156 620 37 7
156 685 36 3
156 690 15 6
156 762 22 2
156 787 46 1
156 870 17 10
156 904 1 4
156 926 1 3
156 980 42 6
156 983 44 10
156 1026 18 1
156 1055 30 9
156 1063 46 1
156 1081 19 2
156 1105 33 6
156 1140 43 9
156 1169 33 7
157 158 13 9
157 164 11 2
157 165 41 3
157 166 40 1
157 167 42 8
157 168 43 4
157 169 17 2
157 201 9 7
157 251 11 10
157 350 9 6
157 360 3 7
157 422 6 9
157 440 25 7
157 444 18 1
157 487 9 10
157 515 37 1
157 572 44 2
157 586 38 4
157 600 24 4
157 620 47 10
157 631 27 10
157 646 14 9
157 649 26 1
157 680 39 1
157 700 2 5
157 803 31 4
157 836 20 4
157 925 27 7
157 935 28 3
157 936 28 5
157 950 7 1
157 1001 5 3
157 1063 42 8
157 1096 5 1
157 1113 32 4
158 170 44 5
158 171 43 5
158 172 26 7
158 173 30 3
158 174 32 9
158 252 42 6
158 275 21 9
158 276 14 2
158 330 49 3
158 350 40 7
158 357 46 2
158 399 17 6
158 685 4 8
158 735 3 1
158 786 5 3
158 826 25 4
158 837 21 3
158 865 10 5
158 950 49 7
158 965 17 4
158 1004 50 3
158 1027 45 3
158 1081 33 10
158 1095 31 2
158 1152 4 3
158 1165 41 5
160 723 35 7
162 698 28 5
163 181 30 10
164 1137 30 5
165 328 31 4
166 209 42 9
166 1078 50 1
167 228 32 4
168 1034 48 3
168 1164 13 2
169 1128 32 7
171 782 33 10
172 1077 32 9
173 672 38 3
174 508 38 10
175 176 2 1
175 177 24 3
175 178 49 10
175 179 23 5
175 180 32 4
175 181 46 1
175 182 39 7
175 183 45 4
175 184 22 3
175 185 15 1
175 186 48 2
175 187 11 5
175 221 2 10
175 333 18 8
175 350 34 2
175 356 29 3
175 472 20 2
175 545 33 6
175 586 44 5
175 632 49 9
175 701 5 7
175 736 3 1
175 760 48 1
175 762 45 7
175 787 19 1
175 865 20 10
175 925 2 7
175 926 36 3
175 951 29 6
175 982 7 6
175 1030 25 10
175 1081 45 4
175 1141 16 4
175 1152 49 5
175 1170 20 10
176 177 43 8
176 178 43 3
176 179 36 6
176 188 6 2
176 189 44 2
176 222 15 1
176 251 45 2
176 285 16 2
176 287 32 3
176 332 44 9
176 359 41 3
176 422 29 1
176 587 28 5
176 602 21 5
176 621 3 9
176 645 9 2
176 649 37 2
176 680 14 3
176 690 29 8
176 870 34 1
176 874 14 7
176 1055 26 6
176 1140 46 4
177 178 20 7
177 179 28 4
177 190 17 6
177 191 4 2
177 203 15 7
177 315 4 5
177 489 2 4
177 519 19 1
177 572 9 3
177 680 32 4
177 701 43 4
177 903 30 4
177 937 26 5
177 1001 10 9
177 1004 48 10
177 1028 12 1
177 1113 40 2
177 1151 7 7
177 1171 35 7
178 179 7 5
178 192 47 4
178 193 33 5
178 194 11 3
178 195 39 5
178 196 27 1
178 197 29 8
178 203 41 9
178 395 2 10
178 397 27 6
178 442 45 2
178 490 44 3
178 519 8 8
178 545 2 9
178 603 13 3
178 685 11 3
178 737 49 9
178 786 43 3
178 804 45 1
178 825 22 2
178 826 14 9
178 865 17 2
178 937 6 3
178 951 21 8
178 965 26 6
178 967 47 6
178 982 12 10
178 1055 11 1
178 1062 3 7
178 1096 23 1
178 1105 4 3
178 1115 21 10
179 198 45 7
179 199 16 3
179 254 40 1
179 276 8 4
179 317 42 10
179 423 2 1
179 443 10 2
179 471 50 9
179 571 31 5
179 620 10 7
179 630 14 9
179 685 1 8
179 691 34 4
179 837 2 9
179 839 9 4
179 901 50 3
179 1062 31 7
179 1080 9 4
179 1095 48 1
179 1105 4 8
181 791 2 7
182 663 50 8
183 642 49 8
185 353 10 9
188 204 30 8
189 196 23 8
189 280 40 2
189 726 16 9
191 207 2 5
191 877 8 3
191 1067 43 8
192 999 12 1
192 1123 47 5
193 525 33 8
193 1124 42 9
196 408 46 3
196 495 21 9
198 879 11 1
199 226 23 1
200 201 28 7
200 202 33 1
200 203 44 7
200 204 25 8
200 276 23 10
200 333 42 3
200 350 33 3
200 355 7 9
200 444 40 4
200 485 29 1
200 487 44 5
200 586 9 9
200 621 39 1
200 691 25 10
200 761 32 5
200 835 31 2
200 838 26 4
200 871 40 1
200 901 18 1
200 902 11 2
200 935 17 10
200 980 46 4
200 1030 47 7
200 1080 14 6
200 1105 4 4
200 1115 3 1
200 1141 15 4
201 202 46 3
201 203 11 10
201 205 38 3
201 206 42 6
201 207 30 2
201 208 7 6
201 209 23 3
201 221 42 9
201 251 17 9
201 286 24 9
201 331 12 1
201 398 39 9
201 515 1 4
201 542 28 1
201 571 29 8
201 648 1 6
201 685 37 4
201 760 13 1
201 786 16 9
201 787 47 7
201 935 13 7
201 951 15 8
201 967 29 9
201 1004 5 2
201 1061 11 5
201 1080 1 2
201 1140 17 7
201 1152 44 1
201 1170 14 5
202 203 27 5
202 210 4 8
202 211 44 2
202 212 48 6
202 213 19 3
202 222 28 5
202 362 24 3
202 396 38 2
202 423 46 4
202 441 1 10
202 471 18 5
202 472 7 9
202 518 7 1
202 572 32 10
202 602 1 9
202 680 18 4
202 685 41 3
202 701 11 10
202 703 4 6
202 739 11 7
202 804 15 7
202 865 27 6
202 875 4 4
202 925 6 6
202 1003 36 9
202 1027 2 6
202 1055 35 2
202 1060 36 7
202 1096 40 4
202 1113 30 9
202 1151 1 1
202 1165 19 3
203 214 28 1
203 215 34 1
203 216 7 3
203 217 27 8
203 218 23 6
203 219 2 8
203 254 24 10
203 275 19 7
203 287 35 6
203 317 27 9
203 423 5 4
203 545 43 7
203 586 9 2
203 603 24 1
203 621 23 8
203 630 50 5
203 632 30 6
203 646 36 8
203 680 36 5
203 690 46 8
203 737 1 7
203 800 47 1
203 825 50 3
203 826 10 8
203 925 50 9
203 951 18 8
203 966 5 8
203 980 5 1
203 1096 37 4
207 318 45 9
207 553 21 2
208 765 4 9
209 1073 7 6
211 214 9 1
211 1057 15 2
215 799 46 4
217 1014 46 6
218 407 2 1
218 792 1 1
218 1189 23 10
219 415 23 8
220 221 11 10
220 222 35 7
220 223 39 9
220 224 35 3
220 225 41 7
220 226 29 8
220 227 42 9
220 228 36 5
220 229 35 5
220 230 19 1
220 231 18 6
220 232 16 6
220 358 28 7
220 362 12 7
220 472 36 10
220 515 16 5
220 585 8 1
220 621 21 3
220 632 25 4
220 680 5 7
220 685 36 6
220 690 46 5
220 760 15 5
220 925 18 4
220 936 22 3
220 937 41 8
220 952 42 8
220 1110 20 7
220 1151 11 5
221 222 36 10
221 223 39 2
221 224 45 4
221 225 24 9
221 233 24 9
221 234 47 7
221 235 27 3
221 236 3 7
221 237 38 2
221 290 1 10
221 395 4 2
221 396 13 8
221 470 18 2
221 516 34 4
221 571 29 4
221 601 4 4
221 621 17 1
221 646 44 1
221 760 24 3
221 787 25 4
221 950 27 10
221 965 4 8
221 967 45 8
221 1029 43 9
221 1030 13 9
221 1055 9 5
221 1110 36 9
222 223 36 9
222 224 1 10
222 225 5 9
222 238 11 4
222 239 16 7
222 240 11 6
222 315 11 10
222 350 7 4
222 422 5 4
222 423 27 1
222 443 31 7
222 540 34 10
222 645 48 6
222 690 2 5
222 701 16 1
222 738 9 4
222 802 49 9
222 803 4 7
222 865 33 3
222 1055 12 8
222 1061 5 9
222 1080 16 7
222 1141 31 3
222 1168 46 4
223 224 38 1
223 225 28 7
223 241 4 9
223 242 27 5
223 350 42 7
223 444 41 9
223 489 40 1
223 542 49 9
223 602 27 7
223 680 36 1
223 685 11 2
223 736 35 3
223 825 5 8
223 872 16 3
223 873 14 1
223 1062 3 1
223 1080 32 9
223 1105 41 10
223 1168 17 3
224 225 20 8
224 243 19 6
224 244 42 2
224 245 32 7
224 250 10 8
224 252 1 5
224 276 9 4
224 316 35 2
224 330 50 2
224 331 13 1
224 486 31 4
224 571 21 1
224 587 43 2
224 703 47 10
224 787 49 2
224 865 18 5
224 901 8 6
224 902 40 2
224 926 6 3
224 1004 7 1
224 1095 30 4
224 1105 3 7
224 1150 20 10
225 246 19 5
225 247 31 10
225 248 41 8
225 249 8 9
225 275 46 6
225 285 40 3
225 632 33 8
225 825 25 5
225 837 34 6
225 838 32 8
225 980 26 6
225 981 9 9
225 1004 40 1
228 339 11 2
228 581 25 5
232 462 6 9
233 824 3 3
234 292 5 8
234 386 46 10
234 1143 45 3
235 862 12 6
236 273 11 9
236 961 45 3
238 521 21 9
239 298 49 4
239 748 43 9
239 878 19 3
239 1084 48 9
242 749 19 5
242 1176 39 7
243 698 34 1
244 635 16 3
248 1091 32 7
250 251 1 6
250 252 19 3
250 253 14 10
250 254 3 8
250 255 2 1
250 256 41 3
250 257 43 5
250 258 27 9
250 259 17 10
250 275 14 8
250 287 35 2
250 471 18 10
250 685 1 6
250 762 26 10
250 800 48 9
250 825 9 7
250 837 35 4
250 951 33 3
250 980 2 2
250 1029 10 2
250 1063 35 1
250 1096 6 6
250 1168 42 9
251 252 27 10
251 253 3 5
251 254 32 9
251 260 19 1
251 261 44 6
251 262 49 3
251 263 16 6
251 316 6 1
251 357 33 10
251 362 23 6
251 398 47 1
251 420 40 1
251 445 2 8
251 516 27 3
251 544 39 1
251 621 31 8
251 685 40 1
251 703 32 6
251 706 46 3
251 737 42 5
251 865 46 8
251 904 3 3
251 952 43 9
251 1055 33 10
252 253 42 3
252 254 20 5
252 264 1 5
252 265 15 9
252 266 24 3
252 267 7 3
252 268 2 2
252 350 36 4
252 423 42 10
252 486 49 6
252 515 36 8
252 571 46 9
252 621 36 4
252 630 50 3
252 631 47 10
252 647 49 9
252 680 2 7
252 800 6 10
252 902 20 10
252 937 12 5
252 982 1 5
252 1004 41 8
252 1028 50 4
252 1105 49 3
252 1110 14 6
253 254 35 2
253 269 28 10
253 270 19 6
253 271 1 4
253 276 7 9
253 332 49 3
253 395 16 3
253 587 37 6
253 602 41 2
253 603 32 4
253 645 26 1
253 680 30 4
253 690 12 1
253 762 28 8
253 785 20 4
253 838 18 8
253 925 49 8
253 937 26 2
253 966 12 1
253 1062 46 4
253 1082 49 10
253 1105 15 4
253 1140 27 7
253 1150 47 5
253 1152 11 3
254 272 10 10
254 273 2 1
254 274 2 6
254 285 24 10
254 317 22 8
254 330 8 4
254 350 16 6
254 442 33 8
254 471 14 3
254 490 2 8
254 542 30 7
254 571 17 7
254 690 47 3
254 739 39 5
254 825 12 9
254 865 37 4
254 871 34 7
254 874 48 3
254 926 19 4
254 965 17 6
254 1055 22 8
254 1080 28 2
254 1113 5 3
254 1168 10 4
255 953 8 8
257 368 21 4
257 662 12 9
257 1041 35 7
262 722 29 3
264 644 39 2
264 995 40 5
264 1173 36 7
265 280 33 9
266 729 45 10
266 1183 4 4
267 412 14 6
267 789 39 4
271 841 43 5
273 827 11 6
274 688 11 6
275 276 8 6
275 277 12 10
275 278 26 9
275 279 39 1
275 288 40 8
275 331 6 3
275 350 21 10
275 358 26 5
275 421 39 2
275 423 8 2
275 445 33 5
275 472 49 2
275 488 40 4
275 518 15 10
275 571 40 8
275 600 36 2
275 601 29 10
275 621 30 8
275 630 13 9
275 632 4 3
275 680 42 2
275 685 37 4
275 690 31 1
275 691 28 9
275 705 41 5
275 739 29 3
275 762 11 3
275 764 9 4
275 802 6 3
275 826 23 5
275 836 34 10
275 865 40 6
275 874 45 6
275 902 11 7
275 925 11 1
275 926 22 2
275 936 6 8
275 951 17 3
275 952 8 9
275 965 38 6
275 1000 47 9
275 1026 5 6
275 1055 45 8
275 1060 23 6
275 1105 24 4
275 1113 47 6
275 1114 47 1
275 1141 38 9
275 1168 19 7
276 280 16 1
276 281 49 3
276 282 1 2
276 283 36 4
276 284 41 3
276 316 32 9
276 330 36 2
276 359 26 3
276 397 41 6
276 399 46 6
276 444 43 6
276 488 8 6
276 515 2 4
276 540 33 1
276 543 5 2
276 571 16 7
276 585 49 3
276 587 3 2
276 621 31 6
276 645 27 6
276 648 20 9
276 680 30 7
276 702 15 5
276 737 15 7
276 786 39 3
276 787 9 4
276 804 1 7
276 825 20 10
276 835 32 6
276 865 40 1
276 901 18 8
276 936 13 1
276 967 39 9
276 980 48 5
276 982 22 10
276 1004 22 1
276 1026 25 10
276 1055 33 9
276 1062 31 1
276 1081 28 3
276 1082 35 2
276 1095 1 4
276 1096 23 5
276 1141 23 7
276 1151 50 3
276 1152 17 3
276 1167 44 5
277 514 15 2
278 508 5 4
281 636 4 2
282 476 5 10
283 347 41 1
285 286 4 5
285 287 9 9
285 288 7 9
285 289 39 5
285 290 45 5
285 291 18 6
285 331 33 8
285 440 43 8
285 517 16 10
285 621 25 1
285 685 22 2
285 691 2 8
285 785 48 8
285 904 7 5
285 925 33 5
285 980 27 4
285 981 3 4
285 1002 31 2
285 1063 17 8
285 1105 1 2
286 287 4 2
286 288 20 9
286 289 39 10
286 290 2 7
286 292 34 8
286 293 47 2
286 294 25 8
286 295 5 10
286 296 31 5
286 297 15 6
286 471 24 4
286 570 5 5
286 632 4 9
286 645 30 5
286 706 15 1
286 837 38 6
286 865 2 9
286 870 3 3
286 951 47 8
286 1001 24 8
286 1028 2 9
287 288 26 8
287 289 37 6
287 290 27 10
287 298 30 2
287 299 16 8
287 300 21 10
287 301 27 3
287 302 22 8
287 303 16 3
287 304 31 10
287 331 10 8
287 357 45 1
287 423 48 5
287 487 22 8
287 587 39 2
287 602 47 6
287 632 19 9
287 685 12 2
287 705 39 9
287 762 22 5
287 804 16 2
287 825 30 1
287 865 28 6
287 1081 34 4
287 1152 29 1
288 289 12 6
288 290 6 9
288 305 46 10
288 306 29 2
288 307 35 1
288 308 32 8
288 309 5 9
288 310 6 2
288 317 50 6
288 350 45 6
288 396 2 1
288 398 9 8
288 490 2 5
288 519 49 8
288 541 15 7
288 586 31 4
288 680 19 10
288 736 4 6
288 737 40 4
288 761 8 3
288 826 9 7
288 936 15 9
288 937 23 7
288 950 25 5
288 1061 20 9
288 1105 12 3
288 1112 19 10
288 1115 49 6
288 1166 37 3
288 1168 41 1
289 290 43 1
289 311 21 6
289 362 5 7
289 544 47 9
289 600 38 1
289 620 24 3
289 690 6 6
289 925 40 10
289 966 50 6
289 1028 14 4
289 1055 34 9
289 1096 3 8
289 1141 11 9
290 312 42 4
290 313 39 9
290 314 37 1
290 315 47 6
290 350 23 10
290 445 4 2
290 572 49 4
290 647 3 5
290 680 8 10
290 787 2 4
290 801 7 9
290 838 47 7
290 900 27 4
290 1096 20 5
290 1140 13 1
290 1151 11 2
291 425 12 6
292 692 23 10
294 688 29 10
300 611 28 7
300 855 23 5
302 1077 11 3
304 724 40 4
304 773 3 3
305 453 3 6
307 869 31 8
308 598 37 4
308 697 37 9
309 656 39 4
310 535 40 6
310 947 26 2
313 682 21 5
314 373 23 10
314 562 42 8
314 912 33 2
314 1142 50 5
315 316 31 9
315 317 26 1
315 318 47 5
315 319 38 7
315 320 30 8
315 321 46 9
315 333 6 9
315 350 10 5
315 357 46 6
315 399 5 2
315 421 33 8
315 423 37 9
315 442 27 9
315 472 30 1
315 490 10 2
315 518 17 7
315 587 5 9
315 600 50 9
315 620 20 6
315 651 35 4
315 680 7 7
315 685 20 2
315 690 44 5
315 702 26 10
315 737 21 7
315 802 36 1
315 826 29 3
315 865 46 6
315 873 13 9
315 874 50 7
315 904 4 6
315 925 7 5
315 926 22 6
315 967 22 5
315 982 40 2
315 983 22 4
315 1002 29 6
315 1055 13 5
315 1062 8 2
315 1115 18 1
315 1141 35 8
316 317 10 2
316 322 22 10
316 323 49 8
316 324 1 2
316 325 3 8
316 361 22 3
316 399 39 2
316 443 14 7
316 472 21 4
316 485 37 9
316 517 24 1
316 545 8 5
316 571 8 1
316 631 6 8
316 680 45 2
316 685 31 2
316 691 5 4
316 706 47 4
316 760 25 9
316 763 48 6
316 787 11 4
316 835 16 8
316 937 49 6
316 952 9 10
316 1060 5 5
316 1095 30 8
316 1105 13 2
316 1150 44 6
316 1171 27 10
317 326 27 2
317 327 8 2
317 328 49 9
317 329 26 3
317 330 14 10
317 543 40 2
317 572 47 9
317 585 11 2
317 601 23 3
317 620 36 7
317 632 11 10
317 645 36 7
317 739 39 9
317 786 30 1
317 802 43 7
317 825 42 4
317 836 19 2
317 865 4 4
317 903 9 10
317 935 4 1
317 951 42 6
317 966 9 8
317 1003 49 8
317 1027 43 6
317 1028 6 6
317 1055 38 1
317 1080 20 4
317 1095 17 3
317 1115 22 3
317 1141 39 7
317 1150 25 9
317 1171 2 2
318 784 21 5
319 1176 3 7
321 596 44 8
322 376 27 9
322 557 50 10
324 1196 34 7
325 416 44 9
329 379 26 6
330 331 3 5
330 332 27 7
330 333 15 1
330 334 37 10
330 335 48 7
330 336 13 6
330 337 5 3
330 338 20 1
330 339 21 8
330 357 17 7
330 420 19 6
330 486 14 6
330 488 8 2
330 541 27 6
330 545 8 6
330 585 48 9
330 646 17 9
330 680 10 9
330 702 24 10
330 705 43 9
330 737 1 4
330 785 17 6
330 800 28 1
330 802 25 5
330 837 23 3
330 865 45 2
330 875 26 2
330 925 8 5
330 951 44 7
330 982 24 7
330 1002 15 10
330 1028 44 10
330 1063 26 4
330 1105 36 8
330 1114 12 8
330 1151 27 2
331 332 38 6
331 333 40 4
331 340 16 6
331 341 30 6
331 342 1 1
331 343 8 7
331 470 46 6
331 515 32 3
331 571 18 9
331 587 43 9
331 603 8 4
331 620 23 1
331 631 6 7
331 649 43 7
331 680 33 7
331 690 47 8
331 691 27 4
331 739 25 3
331 764 29 5
331 835 15 4
331 965 47 6
331 966 39 4
331 980 5 8
331 1026 3 5
331 1055 18 3
331 1081 36 1
331 1095 3 10
331 1140 24 9
332 333 14 8
332 344 29 3
332 345 6 1
332 346 32 8
332 347 22 3
332 358 6 9
332 398 32 1
332 445 49 3
332 518 32 9
332 685 36 10
332 787 35 5
332 826 12 4
332 902 30 6
332 925 36 10
332 937 14 6
332 952 15 9
332 1061 34 6
332 1105 37 1
332 1152 17 10
333 348 33 4
333 349 3 1
333 350 46 3
333 399 3 8
333 422 50 7
333 442 21 10
333 470 3 3
333 572 29 4
333 600 30 5
333 621 43 2
333 630 39 3
333 685 50 3
333 825 19 2
333 875 32 8
333 904 5 10
333 936 47 4
333 1055 4 4
333 1080 25 5
333 1095 29 3
333 1141 26 9
333 1167 1 7
333 1168 35 4
334 535 21 2
335 427 42 6
335 1125 13 5
336 431 44 2
336 1045 21 2
337 469 32 3
337 684 35 7
338 343 35 10
340 377 33 2
340 769 1 1
341 823 39 5
347 393 12 8
350 351 46 7
350 352 6 7
350 353 40 4
350 354 43 2
350 360 44 6
350 361 3 7
350 395 48 9
350 396 25 10
350 421 10 10
350 422 41 2
350 443 26 6
350 444 38 1
350 472 44 3
350 486 10 2
350 490 40 8
350 515 17 9
350 516 1 7
350 541 45 2
350 543 11 4
350 572 19 10
350 585 18 5
350 587 36 2
350 601 27 7
350 603 6 3
350 620 49 2
350 630 3 2
350 632 31 2
350 646 34 6
350 649 50 7
350 680 32 7
350 685 32 10
350 690 10 8
350 691 36 8
350 701 35 6
350 703 6 4
350 738 17 10
350 739 13 5
350 760 34 6
350 762 36 9
350 786 14 1
350 787 14 2
350 802 29 9
350 804 38 4
350 825 13 8
350 835 42 9
350 839 27 4
350 865 39 1
350 871 10 8
350 875 10 1
350 902 28 5
350 903 12 1
350 925 23 6
350 926 24 10
350 936 44 10
350 937 43 2
350 951 11 10
350 966 15 10
350 980 40 1
350 981 24 10
350 1000 29 4
350 1001 9 4
350 1026 50 6
350 1027 5 10
350 1055 27 3
350 1060 39 6
350 1061 12 9
350 1080 16 3
350 1081 35 8
350 1095 19 1
350 1096 12 7
350 1105 43 3
350 1112 33 7
350 1140 32 7
350 1150 35 9
350 1152 45 8
350 1169 30 8
351 371 47 7
352 725 12 4
353 767 48 6
353 1134 34 8
354 1043 25 1
354 1075 41 3
354 1178 3 3
355 356 38 5
355 357 38 9
355 358 4 9
355 359 24 2
355 360 29 6
355 361 31 2
355 362 42 7
355 363 16 6
355 488 33 2
355 518 4 3
355 541 48 9
355 570 3 7
355 620 42 10
355 647 16 6
355 704 3 4
355 706 27 10
355 764 47 1
355 785 3 2
355 787 49 10
355 800 44 3
355 803 10 10
355 873 20 10
355 903 26 4
355 937 22 4
355 951 26 3
355 952 48 3
355 1063 26 7
356 357 36 9
356 358 47 2
356 359 10 8
356 360 50 8
356 361 16 5
356 362 20 10
356 364 17 2
356 365 10 1
356 366 25 10
356 367 41 2
356 368 49 1
356 369 11 5
356 370 24 2
356 371 31 7
356 442 34 4
356 571 9 7
356 865 44 2
356 925 48 1
356 983 29 3
356 1025 30 8
356 1140 18 2
357 358 38 8
357 359 23 9
357 360 17 2
357 361 50 3
357 362 19 1
357 372 44 7
357 373 27 5
357 374 10 9
357 375 38 8
357 376 27 5
357 377 15 5
357 443 12 1
357 631 35 9
357 680 41 3
357 983 5 6
357 1003 24 2
357 1080 33 5
357 1096 49 1
357 1141 49 4
358 32 31 5
358 359 20 6
358 360 7 6
358 361 35 1
358 362 48 6
358 378 31 3
358 379 27 6
358 397 36 5
358 690 7 10
358 764 15 8
358 1069 39 5
358 1096 14 8
359 360 16 6
359 361 32 2
359 362 40 8
359 380 47 5
359 381 42 10
359 382 2 2
359 383 24 7
359 384 28 5
359 385 15 7
359 420 36 4
359 471 14 4
359 487 3 10
359 685 25 1
359 825 22 1
359 872 4 1
359 1151 6 4
360 361 23 3
360 362 11 2
360 386 28 3
360 387 47 6
360 423 36 1
360 470 50 6
360 620 17 5
360 966 46 5
360 1055 2 3
360 1060 1 5
360 1080 26 10
360 1112 15 5
361 362 19 4
361 388 1 3
361 389 43 5
361 390 34 3
361 391 6 3
361 399 21 2
361 517 29 8
361 545 40 5
361 587 37 3
361 650 23 5
361 680 46 10
361 737 42 9
361 840 33 10
361 865 31 2
361 1113 35 5
361 1152 31 7
361 1168 49 10
362 392 40 6
362 393 20 5
362 394 25 3
362 586 25 7
362 602 15 1
362 631 17 5
362 685 40 3
362 690 46 5
362 737 35 4
362 826 14 3
362 838 7 4
362 904 47 6
362 926 13 2
362 936 11 3
362 966 46 2
362 1000 12 2
362 1027 37 5
362 1105 24 5
362 1171 32 10
366 745 16 10
368 448 16 10
368 1088 8 3
370 373 8 2
370 719 6 5
373 402 19 5
373 639 28 8
373 711 39 6
374 1187 11 5
377 1007 11 2
383 436 5 10
383 619 3 5
384 811 1 7
385 529 31 2
385 1022 12 2
387 721 11 2
387 758 25 4
389 419 1 4
392 719 42 8
393 1065 40 8
395 396 33 4
395 397 24 6
395 398 2 2
395 399 28 4
395 400 36 2
395 401 5 8
395 402 25 3
395 403 24 2
395 404 35 4
395 405 31 4
395 442 34 5
395 445 29 10
395 470 21 9
395 515 33 5
395 585 29 6
395 620 38 5
395 651 8 1
395 680 13 4
395 704 8 6
395 803 47 9
395 825 47 10
395 835 33 4
395 937 25 7
395 966 45 4
395 1028 8 8
395 1096 16 7
395 1105 28 7
395 1111 5 2
395 1141 30 8
395 1150 48 2
396 397 24 3
396 398 21 8
396 399 13 9
396 406 35 5
396 423 46 10
396 601 19 9
396 651 39 4
396 685 43 10
396 762 2 7
396 801 10 10
396 865 1 3
396 904 29 2
396 981 49 10
396 1055 16 5
396 1096 12 2
396 1151 2 7
396 1169 1 10
397 398 39 5
397 399 28 7
397 407 22 7
397 408 32 2
397 488 34 6
397 490 49 6
397 518 45 7
397 542 31 5
397 570 15 4
397 690 14 9
397 738 50 5
397 760 12 5
397 787 17 2
397 871 20 10
397 874 6 7
397 902 8 8
397 925 12 8
397 952 8 5
397 966 33 5
397 981 49 10
397 1080 6 5
397 1105 14 5
398 399 48 8
398 409 36 10
398 410 11 10
398 411 37 4
398 412 21 6
398 413 38 10
398 414 37 3
398 415 33 8
398 416 46 10
398 417 28 4
398 420 49 7
398 544 13 2
398 570 7 8
398 631 31 2
398 632 5 5
398 690 12 2
398 739 3 7
398 840 4 9
398 865 22 5
398 952 1 2
398 1004 27 6
398 1062 21 3
398 1063 5 7
398 1081 1 3
398 1171 44 6
399 418 33 2
399 419 49 6
399 470 18 4
399 585 27 6
399 621 6 6
399 680 45 1
399 685 4 10
399 700 12 6
399 787 47 6
399 826 50 2
399 926 9 9
399 937 12 10
399 1003 17 4
399 1028 12 10
399 1055 17 5
399 1111 19 9
399 1140 21 3
401 560 8 4
401 644 9 7
401 916 22 10
403 768 36 4
404 417 32 7
404 1121 19 7
407 720 12 10
408 782 6 9
410 821 49 10
411 643 48 10
411 687 12 6
412 721 49 4
412 725 37 2
413 841 20 9
413 1093 31 6
417 742 16 8
417 1048 31 5
418 794 42 7
420 421 20 6
420 422 12 3
420 423 35 9
420 424 29 2
420 425 32 8
420 426 41 2
420 427 38 4
420 428 9 10
420 445 33 8
420 470 41 5
420 517 26 4
420 545 38 9
420 600 41 10
420 620 19 10
420 621 13 2
420 630 45 7
420 685 40 3
420 701 5 9
420 825 21 6
420 836 39 5
420 865 47 5
420 926 5 3
420 935 47 9
420 965 31 4
420 983 8 1
420 1001 15 7
420 1055 1 4
420 1096 1 6
420 1140 42 10
420 1150 17 7
420 1152 1 10
421 422 26 2
421 423 7 9
421 429 2 8
421 430 33 3
421 431 45 4
421 432 9 3
421 433 23 5
421 571 24 3
421 680 13 10
421 685 43 8
421 690 17 7
421 691 20 2
421 760 1 2
421 764 13 5
421 786 19 10
421 802 49 9
421 870 6 2
421 871 40 5
421 903 17 6
421 952 31 1
421 1025 6 5
421 1055 38 4
421 1063 27 7
421 1080 45 9
421 1095 13 4
421 1105 38 1
421 1169 40 6
422 423 46 4
422 434 37 6
422 435 16 5
422 436 16 2
422 437 49 7
422 438 8 10
422 445 34 6
422 471 30 9
422 515 41 8
422 571 38 5
422 586 45 8
422 587 49 5
422 647 39 6
422 648 48 3
422 700 27 7
422 785 47 6
422 839 49 8
422 936 11 9
422 983 42 8
422 1061 49 4
422 1112 46 5
422 1140 14 7
423 439 7 5
423 485 22 1
423 487 17 3
423 544 48 2
423 630 8 8
423 680 22 7
423 736 43 5
423 739 13 5
423 804 25 9
423 826 41 6
423 901 37 1
423 926 30 9
423 950 4 10
423 967 9 8
423 1001 17 7
423 1029 22 6
423 1080 4 4
423 1105 30 9
423 1112 2 1
423 1168 20 1
430 555 43 9
430 640 8 2
432 928 33 9
433 726 1 5
435 920 10 3
435 955 14 9
438 588 16 3
440 441 50 8
440 442 23 5
440 443 29 1
440 444 1 8
440 445 18 5
440 446 16 5
440 447 19 8
440 448 26 8
440 449 8 1
440 450 27 1
440 451 31 4
440 485 21 10
440 601 7 10
440 690 12 7
440 737 7 4
440 739 26 8
440 763 34 7
440 787 9 2
440 835 13 8
440 865 27 3
440 903 33 4
440 926 13 7
440 951 40 7
440 952 32 1
440 966 45 10
440 1030 33 7
440 1169 40 5
441 442 34 10
441 443 49 1
441 444 24 5
441 445 24 4
441 452 20 10
441 453 46 1
441 454 17 7
441 632 2 1
441 647 30 8
441 680 46 1
441 685 49 9
441 763 1 9
441 803 38 8
441 865 5 8
441 1081 49 7
441 1105 21 5
441 1115 23 5
441 1140 49 4
442 443 30 5
442 444 5 8
442 445 48 5
442 455 13 7
442 456 38 6
442 457 34 10
442 470 2 7
442 516 42 4
442 517 19 10
442 571 34 6
442 587 45 10
442 603 14 5
442 621 28 7
442 706 42 4
442 870 17 10
442 937 34 5
442 967 35 8
442 1000 5 10
442 1028 17 9
442 1141 19 10
443 444 45 7
443 445 24 3
443 458 44 1
443 459 39 8
443 632 8 8
443 646 29 9
443 700 46 6
443 786 6 8
443 802 9 8
443 826 14 5
443 835 22 7
443 901 37 10
443 925 15 1
443 1055 45 1
443 1061 2 7
443 1096 9 2
443 1105 50 2
443 1151 6 9
443 1170 16 9
444 445 42 3
444 460 32 6
444 470 23 10
444 690 28 4
444 825 9 5
444 872 10 2
444 937 47 9
444 982 31 4
444 1062 22 4
444 1151 37 10
445 461 23 5
445 462 27 8
445 463 6 1
445 464 10 3
445 465 46 6
445 466 25 8
445 467 48 4
445 468 34 6
445 469 8 1
445 485 20 2
445 542 38 10
445 545 23 8
445 570 49 7
445 587 5 10
445 621 4 5
445 685 24 8
445 1000 9 5
445 1055 4 4
445 1096 19 8
445 1110 23 10
446 1127 3 4
448 537 31 1
455 595 43 1
455 1117 45 4
456 930 34 5
457 867 43 8
458 931 3 9
459 567 1 4
459 1023 17 5
459 1144 35 10
461 1138 26 8
464 998 43 6
467 505 37 1
468 1018 14 7
469 699 5 7
470 471 5 3
470 472 49 4
470 473 10 9
470 474 20 3
470 475 7 3
470 476 45 2
470 477 31 4
470 478 25 2
470 488 5 10
470 519 36 9
470 571 24 5
470 587 9 5
470 620 46 8
470 630 8 3
470 680 29 2
470 685 37 9
470 704 45 7
470 762 21 8
470 801 28 4
470 865 46 6
470 904 27 5
470 926 6 1
470 937 33 2
470 951 5 2
470 1025 31 5
470 1081 3 4
470 1110 2 6
470 1141 20 8
470 1150 49 4
470 1151 40 2
470 1170 31 2
471 472 21 9
471 479 31 9
471 480 12 3
471 481 9 1
471 482 1 9
471 483 48 7
471 542 46 9
471 544 2 2
471 600 37 9
471 620 28 4
471 632 11 10
471 691 37 7
471 736 25 2
471 737 15 5
471 761 50 1
471 801 48 5
471 837 17 10
471 870 6 5
471 901 25 8
471 925 13 7
471 935 41 3
471 966 16 5
471 981 41 4
471 1030 34 6
471 1060 2 3
471 1081 33 3
471 1096 30 10
471 1105 3 10
471 1140 43 4
472 484 11 4
472 486 25 10
472 519 27 1
472 570 43 7
472 587 45 5
472 603 38 9
472 647 25 1
472 649 26 9
472 680 6 1
472 690 15 6
472 706 30 1
472 787 49 4
472 825 39 9
472 826 1 8
472 839 43 3
472 865 11 10
472 875 7 2
472 950 21 7
472 965 3 10
472 981 14 4
472 1001 37 6
472 1004 30 1
472 1055 43 4
472 1063 17 6
472 1096 45 2
472 1111 30 6
472 1171 1 1
473 476 29 2
475 1108 49 7
478 1144 6 10
479 670 27 8
479 833 11 4
480 932 14 2
480 934 35 1
481 892 42 7
483 919 28 9
484 1191 6 1
485 486 29 4
485 487 49 5
485 488 5 8
485 489 43 8
485 490 12 5
485 491 17 10
485 492 17 4
485 493 33 7
485 494 4 3
485 495 37 3
485 620 2 2
485 632 10 2
485 646 12 2
485 685 11 7
485 690 17 6
485 764 3 5
485 825 5 7
485 836 30 10
485 865 16 5
485 925 4 4
485 935 16 9
485 980 5 9
485 1080 11 2
485 1095 26 10
485 1105 40 2
485 1167 4 8
486 487 38 8
486 488 9 10
486 489 9 2
486 490 4 7
486 496 39 7
486 497 11 1
486 498 37 3
486 499 29 10
486 500 33 8
486 545 26 2
486 600 36 7
486 630 19 2
486 680 41 4
486 786 36 8
486 839 28 3
486 950 12 8
486 965 42 8
486 1061 23 8
486 1063 18 10
486 1105 36 7
487 488 13 6
487 489 43 2
487 490 37 10
487 501 5 7
487 502 49 4
487 503 37 5
487 504 25 3
487 572 44 7
487 705 16 9
487 738 24 5
487 787 5 7
487 825 37 1
487 967 18 1
487 1002 22 7
487 1055 2 7
487 1095 12 8
487 1111 22 1
488 489 5 10
488 490 50 3
488 505 36 4
488 506 12 8
488 507 23 4
488 542 28 3
488 680 3 8
488 685 32 4
488 761 40 9
488 802 41 2
488 870 32 8
488 874 27 5
488 936 41 10
488 980 34 2
488 1026 11 3
488 1055 11 3
488 1081 48 8
488 1140 10 2
488 1169 42 1
489 490 12 7
489 508 12 9
489 509 8 7
489 510 41 1
489 511 8 6
489 512 37 9
489 518 23 5
489 586 34 6
489 587 19 10
489 601 14 10
489 621 4 9
489 691 7 10
489 738 16 7
489 951 13 7
489 1004 13 7
489 1029 12 5
489 1112 34 6
489 1141 8 9
490 513 7 4
490 514 27 10
490 516 19 4
490 570 47 3
490 648 42 3
490 701 29 8
490 804 41 2
490 865 2 7
490 902 39 4
490 903 41 4
490 926 49 1
490 1151 9 1
492 1022 1 3
495 539 22 10
495 665 34 4
495 910 11 4
496 1009 2 5
498 1047 31 3
501 551 19 2
503 1020 37 1
507 806 40 4
511 811 40 10
515 516 15 6
515 517 13 2
515 518 33 1
515 519 18 5
515 520 26 5
515 521 36 4
515 522 31 6
515 523 23 8
515 544 27 10
515 571 9 9
515 826 4 1
515 865 37 9
515 936 48 2
515 950 41 1
515 967 11 4
515 1062 40 2
515 1095 28 9
515 1110 21 4
515 1140 37 1
516 517 8 3
516 518 15 7
516 519 16 7
516 524 36 3
516 525 28 9
516 526 1 7
516 527 32 2
516 528 46 6
516 571 10 2
516 585 10 7
516 586 43 9
516 680 43 9
516 685 40 6
516 735 5 7
516 760 31 5
516 786 1 10
516 787 40 5
516 837 34 1
516 904 13 8
516 925 40 9
516 951 46 7
516 1081 14 8
516 1105 37 2
516 1169 49 1
517 518 26 7
517 519 21 6
517 529 18 10
517 530 11 4
517 531 7 6
517 542 29 10
517 620 15 1
517 631 3 1
517 691 28 9
517 702 13 2
517 761 20 10
517 825 43 8
517 981 9 10
517 1030 24 10
517 1055 21 2
517 1080 41 8
517 1096 34 4
517 1115 6 4
517 1140 24 2
517 1150 2 1
517 1152 8 4
517 1170 27 1
518 519 40 9
518 532 20 7
518 533 39 1
518 534 10 5
518 600 16 5
518 632 3 4
518 650 42 1
518 685 33 5
518 737 22 6
518 803 27 5
518 837 41 4
518 875 32 2
518 900 30 5
518 936 8 2
518 981 27 3
518 1002 32 6
518 1026 30 10
518 1055 40 4
518 1105 17 4
519 535 6 2
519 536 8 9
519 537 23 2
519 538 41 4
519 539 10 9
519 600 4 9
519 620 6 9
519 646 30 6
519 680 19 8
519 690 29 2
519 705 5 1
519 804 3 10
519 874 14 8
519 966 37 9
519 1003 48 9
527 1089 29 7
528 664 47 1
529 964 19 6
529 1196 33 3
531 1098 7 9
532 589 50 9
534 792 47 10
538 1158 9 4
540 541 46 5
540 542 30 9
540 543 35 1
540 544 28 4
540 545 37 10
540 546 39 10
540 547 15 4
540 548 47 2
540 549 43 6
540 550 18 10
540 587 33 5
540 685 41 3
540 825 8 10
540 826 12 5
540 865 33 8
540 900 1 7
540 950 25 3
540 952 24 2
540 1004 41 4
540 1055 1 8
540 1168 37 1
541 542 14 6
541 543 30 5
541 544 8 5
541 545 46 2
541 551 43 2
541 552 29 5
541 603 49 7
541 690 49 3
541 739 41 10
541 786 22 2
541 800 41 1
541 836 2 1
541 840 10 3
541 925 40 5
541 967 11 3
541 982 10 1
541 1000 21 2
541 1096 14 3
541 1110 31 1
542 543 27 4
542 544 22 1
542 545 13 7
542 553 2 1
542 571 44 5
542 621 17 10
542 630 32 9
542 680 40 9
542 704 2 6
542 763 31 1
542 904 2 5
542 936 35 3
542 981 31 9
542 1029 6 5
542 1061 14 1
542 1082 25 4
542 1170 27 8
543 544 16 9
543 545 15 7
543 554 27 4
543 555 30 10
543 556 43 2
543 557 15 6
543 571 45 8
543 602 7 2
543 649 26 6
543 680 1 1
543 763 12 2
543 926 9 10
543 1027 43 6
543 1062 9 10
543 1082 3 1
543 1140 1 3
544 545 4 6
544 558 29 9
544 559 24 6
544 560 45 6
544 561 4 8
544 562 37 5
544 563 25 7
544 564 36 7
544 565 43 8
544 587 13 6
544 631 47 7
544 645 11 3
544 704 31 2
544 736 4 3
544 801 11 4
544 1105 9 9
544 1112 4 9
544 1150 16 6
545 566 31 6
545 567 34 6
545 568 41 2
545 569 1 10
545 620 41 8
545 690 31 8
545 785 47 7
545 870 41 9
545 872 7 10
545 935 15 4
545 967 13 7
545 1096 48 4
545 1105 20 6
545 1140 6 3
545 1152 1 3
546 565 5 8
548 715 27 10
548 863 37 2
548 914 49 6
551 707 9 3
552 1137 35 2
555 1072 37 10
556 1178 40 8
558 1059 3 5
559 733 48 3
562 797 13 4
563 811 30 6
570 571 16 8
570 572 48 10
570 573 13 8
570 574 42 8
570 575 6 5
570 576 21 2
570 577 21 5
570 620 33 10
570 685 1 3
570 786 3 7
570 825 34 3
570 836 44 8
570 901 20 8
570 902 44 9
570 935 26 3
570 950 34 7
570 967 26 2
570 981 13 3
570 1025 26 10
570 1063 28 1
570 1095 26 1
570 1096 41 5
570 1113 12 1
570 1141 21 3
570 1166 15 4
570 1170 32 8
571 572 17 10
571 578 38 3
571 579 20 7
571 587 17 7
571 601 16 4
571 650 4 5
571 680 50 9
571 690 3 10
571 700 10 2
571 736 25 9
571 738 10 6
571 764 44 7
571 787 21 7
571 826 1 5
571 865 47 8
571 871 5 1
571 875 3 9
571 926 40 5
571 1000 3 5
571 1055 45 5
571 1080 3 10
571 1105 45 8
571 1150 8 9
571 1151 12 4
572 580 47 8
572 581 18 7
572 582 9 3
572 583 35 3
572 584 34 9
572 585 25 1
572 600 26 4
572 621 24 5
572 630 23 6
572 631 20 2
572 651 39 1
572 680 4 6
572 691 34 5
572 704 39 4
572 760 17 1
572 801 7 3
572 804 43 5
572 839 40 9
572 865 20 3
572 937 19 6
572 951 11 7
572 965 5 6
572 1002 22 3
572 1030 17 6
572 1055 44 4
572 1063 2 9
572 1080 22 8
572 1105 18 5
572 1113 48 2
572 1140 19 4
573 769 30 5
575 498 20 9
577 991 21 3
577 1177 50 1
578 959 2 4
582 928 8 9
585 586 49 4
585 587 38 3
585 588 10 8
585 589 14 8
585 590 43 5
585 591 38 2
585 621 47 5
585 631 9 9
585 651 31 10
585 690 28 10
585 701 48 1
585 705 28 9
585 762 39 2
585 865 15 8
585 983 18 8
585 1003 48 3
585 1004 32 3
585 1096 46 8
585 1140 18 1
586 587 11 6
586 592 25 1
586 593 38 1
586 594 15 3
586 595 36 2
586 596 27 4
586 597 38 3
586 603 40 5
586 651 2 3
586 680 6 9
586 685 12 3
586 738 25 4
586 761 27 7
586 786 5 7
586 804 13 5
586 825 12 2
586 872 25 10
586 904 34 6
586 926 4 2
586 951 4 2
586 1025 17 8
586 1055 37 10
586 1105 35 9
586 1112 42 7
586 1141 40 3
586 1166 32 1
586 1170 7 2
587 598 31 4
587 599 10 4
587 601 31 7
587 621 20 2
587 685 41 6
587 690 39 7
587 737 37 3
587 800 3 3
587 825 29 2
587 836 23 2
587 839 14 5
587 872 18 7
587 900 12 8
587 925 44 4
587 935 15 9
587 966 30 5
587 967 31 3
587 981 50 10
587 1025 45 3
587 1055 26 1
587 1061 38 6
587 1080 12 10
587 1082 36 9
587 1095 43 3
587 1114 30 1
587 1150 19 8
594 794 27 10
595 897 33 3
596 958 16 8
596 1086 20 9
598 758 29 5
600 601 9 8
600 602 38 1
600 603 12 6
600 604 35 6
600 605 17 2
600 606 29 5
600 607 42 4
600 621 4 1
600 630 32 5
600 690 13 3
600 735 29 10
600 763 18 4
600 835 47 10
600 870 31 8
600 875 43 9
600 925 3 7
600 982 41 4
600 1062 49 9
600 1095 28 1
600 1105 21 3
600 1115 32 6
600 1151 4 5
600 1167 50 4
601 602 39 3
601 603 14 8
601 608 36 2
601 621 8 10
601 680 22 2
601 690 4 3
601 703 16 2
601 706 41 8
601 735 20 5
601 786 20 3
601 787 29 5
601 800 8 8
601 825 6 6
601 865 4 5
601 903 50 7
601 904 48 9
601 925 33 2
601 935 24 2
601 951 19 10
601 952 43 1
601 965 18 7
601 967 6 4
601 982 11 9
601 1055 9 1
601 1062 37 4
601 1080 37 5
601 1082 2 4
601 1141 50 5
601 1152 27 10
601 1166 26 2
602 603 20 4
602 609 45 5
602 610 5 8
602 611 48 3
602 612 18 2
602 613 46 1
602 632 40 4
602 837 11 4
602 1001 15 3
602 1004 24 10
602 1025 6 9
602 1027 24 3
602 1055 18 2
602 1110 34 3
603 614 47 9
603 615 14 2
603 616 12 8
603 617 28 9
603 618 8 6
603 619 17 6
603 647 3 5
603 650 2 1
603 680 21 10
603 685 22 8
603 804 19 10
603 865 7 9
603 937 42 7
603 1095 35 5
603 1105 40 5
604 695 13 3
606 793 16 7
607 768 8 10
610 863 19 6
614 1017 17 7
620 621 31 10
620 622 16 6
620 623 29 8
620 624 6 1
620 625 31 2
620 626 23 2
620 650 7 5
620 680 2 3
620 685 26 7
620 690 49 4
620 703 48 5
620 786 27 1
620 802 15 8
620 838 16 4
620 865 30 5
620 902 6 10
620 925 1 3
620 926 2 6
620 937 34 7
620 950 24 5
620 951 42 1
620 965 22 10
620 966 5 1
620 980 13 10
620 1003 47 7
620 1027 40 7
620 1062 20 5
620 1081 42 3
620 1096 16 3
620 1105 42 6
620 1111 12 6
620 1140 3 5
620 1151 34 3
621 627 38 4
621 628 8 1
621 629 42 9
621 631 26 8
621 632 10 5
621 680 12 3
621 685 20 1
621 703 35 2
621 736 43 5
621 738 48 7
621 760 32 7
621 764 21 8
621 800 3 6
621 825 15 7
621 826 33 7
621 865 21 4
621 872 19 8
621 874 26 6
621 902 41 3
621 1002 45 7
621 1026 29 7
621 1055 49 6
621 1080 28 4
621 1095 36 10
621 1105 9 9
621 1113 18 9
621 1141 25 9
621 1151 5 7
621 1168 36 3
621 1169 15 2
622 1077 42 3
625 1053 43 6
626 883 28 5
626 886 16 8
630 631 22 6
630 632 13 8
630 633 15 6
630 634 14 2
630 635 49 5
630 636 36 4
630 637 19 7
630 638 1 7
630 639 22 1
630 649 43 6
630 685 18 3
630 691 16 10
630 736 7 5
630 763 40 8
630 804 24 3
630 825 8 9
630 826 18 6
630 865 10 1
630 870 11 2
630 875 24 9
630 952 10 9
630 1004 35 2
630 1029 19 4
630 1055 36 7
630 1081 12 6
630 1105 40 9
630 1111 29 1
630 1115 17 3
630 1140 22 5
630 1152 31 3
631 632 11 7
631 640 11 1
631 641 12 6
631 647 24 1
631 680 31 5
631 685 14 5
631 691 47 2
631 736 11 10
631 762 3 3
631 785 44 6
631 839 16 4
631 925 40 1
631 937 1 3
631 980 19 7
631 983 3 6
631 1062 50 7
631 1063 13 4
631 1081 9 2
631 1095 45 7
631 1105 44 5
631 1152 34 7
632 642 44 6
632 643 24 8
632 644 18 5
632 703 25 8
632 704 36 4
632 785 26 2
632 800 21 1
632 839 29 8
632 865 25 9
632 901 20 2
632 926 26 3
632 936 33 6
632 952 27 7
632 966 41 9
632 1004 3 8
632 1025 41 5
632 1055 11 5
632 1096 4 7
632 1168 3 8
635 820 5 8
637 720 38 8
638 1038 24 8
641 1011 7 9
642 669 21 10
643 1007 41 2
645 646 1 9
645 647 19 1
645 648 29 5
645 649 36 8
645 650 32 6
645 651 16 8
645 652 16 7
645 653 34 8
645 654 49 4
645 680 4 1
645 685 22 1
645 703 28 6
645 825 35 4
645 926 5 8
645 951 18 7
645 965 27 4
645 982 26 6
645 1061 32 10
645 1095 10 5
645 1115 19 10
645 1150 7 8
646 647 13 6
646 648 35 5
646 649 27 3
646 650 28 5
646 651 31 7
646 655 17 8
646 656 3 7
646 657 37 8
646 658 26 7
646 659 33 7
646 660 16 2
646 661 32 6
646 662 20 6
646 760 31 3
646 787 40 3
646 802 42 7
646 835 45 3
646 865 2 1
646 903 41 5
646 980 18 4
646 1029 42 10
646 1111 6 10
646 1150 5 4
647 648 3 8
647 649 50 7
647 650 1 6
647 651 29 4
647 663 40 2
647 664 33 9
647 735 42 4
647 736 12 4
647 840 45 3
647 936 17 4
647 1001 31 3
647 1027 5 7
647 1055 5 6
647 1082 5 3
647 1105 38 7
648 649 9 6
648 650 36 1
648 651 40 2
648 665 4 4
648 935 5 7
648 951 40 1
649 650 12 4
649 651 7 1
649 666 29 8
649 667 27 10
649 668 47 3
649 669 38 2
649 670 3 2
649 671 48 7
649 672 34 10
649 680 27 1
649 690 41 3
649 802 33 2
649 826 9 7
649 871 23 6
649 926 44 8
649 1000 1 3
649 1082 2 9
649 1095 40 2
650 651 26 4
650 673 41 7
650 674 6 3
650 675 21 5
650 691 7 3
650 706 13 9
650 760 39 9
650 785 30 6
650 873 12 2
650 1140 46 2
650 1168 12 4
650 1171 14 6
651 676 23 8
651 677 36 10
651 678 11 9
651 679 45 7
651 685 25 6
651 965 35 2
651 1055 15 8
651 1061 3 2
651 1105 18 3
651 1141 1 3
657 757 10 4
657 771 12 1
657 956 13 3
664 893 30 10
665 913 28 3
666 718 22 9
666 798 23 6
667 994 37 4
669 1174 12 2
674 914 40 9
679 1190 39 3
680 681 13 2
680 682 9 8
680 683 35 1
680 684 8 7
680 685 44 6
680 691 19 7
680 705 41 9
680 706 34 2
680 738 34 1
680 739 43 4
680 761 42 10
680 763 37 6
680 785 24 5
680 786 25 10
680 800 1 4
680 802 28 10
680 825 39 8
680 838 9 8
680 839 31 8
680 865 41 3
680 871 47 5
680 872 34 4
680 901 37 5
680 903 3 4
680 925 42 7
680 926 36 8
680 935 12 6
680 952 7 1
680 966 34 3
680 967 35 6
680 982 40 3
680 983 14 9
680 1003 46 4
680 1028 24 8
680 1029 25 4
680 1055 7 6
680 1060 41 1
680 1063 37 1
680 1080 26 5
680 1082 36 2
680 1095 48 4
680 1096 48 8
680 1105 10 5
680 1114 37 8
680 1115 3 4
680 1140 27 5
680 1150 45 8
680 1168 13 10
680 1169 11 5
682 955 43 9
682 961 9 7
684 1156 11 9
685 686 20 10
685 687 32 8
685 688 24 7
685 689 38 7
685 690 45 9
685 691 33 4
685 702 26 1
685 704 35 7
685 738 1 10
685 761 32 9
685 764 39 4
685 785 14 9
685 786 9 2
685 800 9 9
685 803 1 2
685 825 43 1
685 826 1 8
685 836 25 8
685 837 48 2
685 865 46 7
685 874 32 7
685 902 10 7
685 904 42 3
685 926 31 10
685 936 23 8
685 951 34 2
685 952 16 6
685 966 30 2
685 967 4 10
685 980 27 6
685 981 32 8
685 1000 50 7
685 1002 17 8
685 1029 36 6
685 1030 49 3
685 1055 37 3
685 1061 10 10
685 1063 18 10
685 1080 14 10
685 1082 7 3
685 1095 21 3
685 1096 41 8
685 1105 10 4
685 1115 35 1
685 1140 28 10
685 1141 26 1
685 1150 30 10
685 1152 48 6
685 1165 33 2
685 1169 43 1
688 807 28 8
688 978 41 4
688 1147 47 9
690 691 3 6
690 692 7 2
690 693 34 6
690 694 6 9
690 702 13 7
690 737 10 5
690 739 41 1
690 762 31 1
690 786 31 3
690 787 6 9
690 840 17 6
690 952 2 5
690 967 2 1
690 1003 21 9
690 1028 35 10
690 1055 31 6
690 1060 34 9
690 1081 35 7
690 1096 29 9
690 1105 38 1
690 1152 40 10
690 1165 34 1
691 695 1 9
691 696 21 4
691 697 3 10
691 698 19 8
691 699 35 9
691 703 44 2
691 760 17 8
691 800 34 10
691 801 27 3
691 826 14 3
691 865 28 5
691 873 46 7
691 902 21 5
691 904 18 8
691 925 26 6
691 926 19 5
691 935 29 2
691 936 1 7
691 950 34 7
691 967 18 2
691 983 46 8
691 1027 39 1
691 1055 14 2
691 1060 36 9
691 1080 35 10
691 1096 34 2
691 1105 8 10
691 1110 13 8
691 1113 7 6
691 1141 28 8
691 1152 43 10
691 1168 39 8
692 707 43 5
692 939 17 4
693 781 34 2
693 790 1 10
700 701 4 7
700 702 24 9
700 703 9 8
700 704 12 3
700 705 17 7
700 706 29 7
700 707 30 1
700 708 41 1
700 709 8 9
700 710 46 3
700 711 21 8
700 865 41 5
700 903 8 10
700 925 23 6
700 952 4 1
700 965 40 3
700 1029 8 9
701 702 18 8
701 703 9 1
701 704 12 5
701 705 40 9
701 706 37 4
701 712 27 2
701 713 41 7
701 714 30 10
701 966 2 7
701 1055 38 7
701 1082 21 2
701 1141 31 3
702 703 23 10
702 704 47 6
702 705 33 3
702 706 21 5
702 715 40 4
702 716 20 4
702 764 49 5
702 874 6 4
702 1003 29 2
702 1055 2 9
702 1063 22 2
702 1105 23 6
702 1114 47 10
702 1166 39 8
703 704 13 4
703 705 1 5
703 706 48 7
703 717 47 6
703 718 11 3
703 719 34 6
703 720 9 3
703 721 5 7
703 722 50 3
703 760 49 4
703 825 15 2
703 826 14 7
703 937 32 9
703 951 37 2
703 1096 8 6
703 1151 1 5
704 705 28 6
704 706 26 9
704 723 18 10
704 724 22 8
704 725 8 2
704 726 41 6
704 727 34 6
704 728 25 6
704 735 15 5
704 925 1 1
704 981 36 9
704 1061 10 2
704 1115 44 6
705 706 18 1
705 729 4 10
705 737 25 3
705 785 8 2
705 801 50 9
705 837 17 1
705 865 11 3
705 937 49 10
705 980 22 4
705 1081 33 7
705 1096 27 4
705 1105 30 2
705 1141 45 9
705 1150 2 2
706 730 36 1
706 731 12 6
706 732 7 6
706 733 41 2
706 734 14 2
706 786 20 4
706 804 17 4
706 835 18 1
706 874 14 8
706 902 24 5
706 1004 16 7
706 1028 15 9
706 1166 21 9
716 1033 32 1
720 1034 39 5
721 896 43 3
721 1068 13 6
726 892 28 3
728 1193 16 7
731 1177 13 10
735 736 3 5
735 737 28 10
735 738 27 9
735 739 13 5
735 740 2 9
735 741 16 7
735 742 50 1
735 743 50 5
735 763 39 8
735 826 3 5
735 836 20 10
735 871 8 4
735 926 5 1
735 950 22 5
735 980 9 8
735 1026 12 6
735 1081 45 4
735 1105 7 1
735 1114 35 1
735 1170 22 2
736 737 12 7
736 738 6 3
736 739 15 8
736 744 39 6
736 745 40 4
736 746 1 8
736 747 43 9
736 748 34 8
736 749 28 7
736 750 12 5
736 865 27 10
736 1003 8 9
736 1060 15 10
736 1061 11 7
736 1105 17 7
736 1150 17 5
736 1167 19 6
737 738 8 8
737 739 41 3
737 751 12 4
737 752 13 8
737 753 41 4
737 754 8 10
737 755 1 5
737 756 42 1
737 763 7 4
737 787 39 3
737 802 46 7
737 836 38 10
737 875 17 8
737 901 49 5
737 903 1 1
737 925 16 3
737 937 9 5
737 966 19 3
737 983 2 2
737 1055 18 7
737 1096 8 6
737 1140 11 8
737 1151 33 2
738 739 33 7
738 757 16 6
738 787 48 2
738 951 30 7
738 1000 43 2
738 1025 4 6
738 1055 15 7
739 758 2 6
739 759 42 8
739 804 9 1
739 865 16 5
739 936 13 7
739 1081 32 2
739 1114 7 6
747 1054 12 2
748 815 10 8
750 814 30 9
752 862 44 7
754 1097 24 8
755 1033 14 5
757 970 18 10
760 761 42 5
760 762 5 8
760 763 11 3
760 764 31 1
760 765 21 1
760 766 23 7
760 767 9 1
760 768 22 9
760 803 25 3
760 826 47 6
760 836 2 5
760 875 35 6
760 935 32 6
760 1060 8 8
760 1082 25 7
760 1141 45 1
760 1151 20 2
760 1169 1 5
761 762 16 5
761 763 9 6
761 764 35 10
761 769 4 3
761 770 19 6
761 771 50 8
761 772 42 1
761 773 43 8
761 774 5 7
761 775 32 1
761 776 41 5
761 826 34 10
761 865 5 3
761 925 39 7
761 965 4 4
761 983 41 9
761 1025 3 9
761 1061 28 9
761 1095 28 7
761 1165 7 6
762 763 36 2
762 764 25 3
762 777 39 4
762 778 6 1
762 779 21 3
762 780 21 8
762 781 27 9
762 836 43 10
762 901 36 9
762 926 14 6
762 952 24 1
762 1001 48 2
762 1002 12 3
762 1055 20 10
762 1080 15 7
762 1115 35 10
763 764 36 5
763 782 30 10
763 803 30 7
763 865 8 2
763 872 35 9
763 952 9 1
763 1027 27 3
763 1105 25 9
763 1112 32 8
763 1140 30 8
763 1151 39 8
764 783 14 6
764 784 29 5
764 786 24 1
764 787 19 1
764 901 33 1
764 966 28 6
764 981 47 5
764 1095 25 10
764 1105 2 3
766 847 40 9
768 1197 30 9
769 1070 19 10
770 894 28 8
770 1160 6 2
777 796 3 8
778 1011 28 10
779 798 18 2
779 823 18 10
781 924 43 10
782 1015 29 5
785 786 25 4
785 787 18 2
785 788 22 1
785 800 6 10
785 870 21 9
785 965 22 8
785 1055 31 4
785 1062 43 10
785 1063 13 3
785 1096 20 8
785 1105 29 7
785 1140 16 4
785 1150 2 1
785 1151 6 8
786 787 23 10
786 789 42 4
786 790 9 7
786 791 48 9
786 792 46 7
786 793 7 2
786 794 36 9
786 803 19 10
786 825 19 2
786 826 43 1
786 865 30 4
786 870 41 8
786 904 42 2
786 925 23 2
786 926 32 6
786 981 3 8
786 1055 15 5
786 1081 42 8
786 1096 32 1
786 1115 49 6
787 795 27 8
787 796 3 3
787 797 13 5
787 798 33 2
787 799 33 7
787 838 26 6
787 839 46 5
787 865 31 7
787 902 45 8
787 936 10 7
787 937 13 5
787 950 36 10
787 951 2 4
787 980 23 8
787 1001 4 5
787 1003 34 4
787 1025 27 5
787 1081 37 9
787 1105 28 4
787 1114 23 4
787 1140 41 5
787 1166 6 8
787 1169 24 7
792 827 49 2
793 898 2 4
793 1089 22 4
795 833 15 4
795 1132 28 10
799 1162 50 4
800 801 3 5
800 802 41 6
800 803 32 7
800 804 24 6
800 805 47 6
800 806 50 4
800 807 39 2
800 808 26 8
800 809 28 8
800 810 20 10
800 925 40 4
800 1063 3 3
800 1096 46 1
801 802 15 1
801 803 48 9
801 804 4 2
801 811 2 10
801 812 48 8
801 839 49 1
801 903 38 8
801 951 48 4
801 1105 48 9
801 1112 25 8
801 1150 33 10
801 1152 20 8
802 803 25 4
802 804 25 3
802 813 32 9
802 814 32 6
802 815 17 4
802 837 28 10
802 872 11 7
802 875 14 7
802 937 14 7
802 966 13 6
802 981 29 4
802 1003 6 2
802 1113 22 2
803 804 32 8
803 816 29 5
803 817 23 8
803 818 7 5
803 819 9 7
803 820 24 2
803 821 27 3
803 822 42 9
803 823 35 4
803 826 49 7
803 865 14 7
803 926 37 3
803 950 26 1
803 981 50 2
803 1004 15 7
803 1029 33 5
803 1055 17 7
803 1080 32 3
803 1082 32 5
803 1095 5 3
803 1105 27 6
803 1166 3 7
804 824 18 7
804 825 6 10
804 903 41 2
804 936 27 7
804 966 36 2
804 1028 46 9
804 1055 2 6
804 1062 27 3
804 1140 28 2
804 1141 45 8
804 1166 13 4
805 1177 43 6
807 1021 6 10
807 1024 11 2
807 1187 38 4
815 1191 30 2
816 1127 36 2
825 826 35 9
825 827 35 1
825 828 5 5
825 829 23 10
825 865 31 6
825 926 12 6
825 935 14 9
825 937 23 2
825 950 5 4
825 965 21 4
825 966 1 8
825 983 14 8
825 1055 23 3
825 1061 38 7
825 1080 3 4
825 1082 29 2
825 1096 28 1
825 1105 13 8
825 1114 44 6
825 1141 12 9
825 1150 35 9
826 830 42 5
826 831 27 2
826 832 8 1
826 833 33 7
826 834 30 7
826 838 7 6
826 840 37 5
826 865 34 8
826 870 28 5
826 872 33 6
826 901 26 10
826 902 14 5
826 925 33 7
826 952 7 4
826 983 14 7
826 1002 10 2
826 1004 26 4
826 1028 13 10
826 1029 14 7
826 1060 22 4
826 1096 50 10
826 1105 5 8
826 1113 24 3
826 1140 24 1
826 1152 44 6
826 1165 19 1
826 1167 2 1
829 920 28 8
829 1136 8 8
830 1083 44 3
831 852 30 2
834 1119 49 3
835 836 48 6
835 837 49 8
835 838 17 9
835 839 8 7
835 840 3 1
835 841 48 10
835 842 48 2
835 843 32 3
835 844 9 8
835 865 10 7
835 872 25 9
835 936 43 2
835 952 37 6
835 966 18 9
835 967 42 2
835 1060 8 8
835 1111 15 4
835 1112 31 3
835 1141 35 8
836 837 19 8
836 838 11 6
836 839 50 2
836 840 22 6
836 845 36 10
836 846 14 4
836 847 23 7
836 848 26 2
836 902 22 7
836 951 50 9
836 1001 27 7
836 1140 24 3
836 1151 6 6
836 1152 45 2
836 1165 10 3
837 838 5 10
837 839 20 4
837 840 8 5
837 849 49 6
837 850 47 1
837 851 46 1
837 870 15 9
837 902 39 6
837 925 20 8
837 926 24 6
837 1055 8 10
837 1061 42 8
838 839 24 6
838 840 43 2
838 852 6 8
838 853 40 8
838 854 33 9
838 855 43 7
838 856 33 4
838 857 47 4
838 858 29 5
838 865 21 3
838 981 50 2
838 1095 41 10
838 1105 37 7
838 1171 41 7
839 840 25 5
839 859 28 8
839 860 30 1
839 861 48 10
839 937 24 5
839 1025 32 3
839 1055 47 10
839 1080 22 1
839 1082 5 4
839 1095 15 8
839 1105 29 9
840 862 9 10
840 863 44 3
840 864 24 4
840 982 1 4
840 1004 44 8
840 1027 19 6
842 957 46 3
852 1059 11 7
858 1180 14 2
861 943 18 2
862 880 20 7
862 1147 37 10
865 866 2 6
865 867 1 5
865 868 45 7
865 869 44 4
865 873 25 7
865 900 5 5
865 902 28 6
865 926 26 4
865 935 49 7
865 937 40 1
865 950 33 10
865 951 47 5
865 965 44 2
865 967 13 8
865 980 22 1
865 983 43 6
865 1000 31 3
865 1004 17 3
865 1026 33 6
865 1028 4 10
865 1055 19 2
865 1060 39 3
865 1061 32 6
865 1080 41 7
865 1081 37 6
865 1095 7 7
865 1096 15 4
865 1105 38 8
865 1113 3 5
865 1114 21 10
865 1141 50 1
865 1150 15 8
865 1152 48 5
865 1165 12 9
865 1170 48 1
867 1124 37 10
870 871 3 2
870 872 22 4
870 873 1 10
870 874 45 1
870 875 19 9
870 876 36 5
870 877 36 5
870 878 28 4
870 879 21 3
870 982 39 10
870 1061 6 3
870 1105 24 5
870 1141 25 1
871 872 7 1
871 873 30 2
871 874 3 7
871 875 24 2
871 880 39 1
871 881 7 6
871 882 38 4
871 901 25 3
871 904 32 2
871 951 23 4
871 965 19 7
871 967 26 7
871 1062 27 3
871 1113 21 7
872 873 1 8
872 874 27 6
872 875 28 3
872 883 13 4
872 884 1 5
872 885 38 2
872 886 23 5
872 887 33 2
872 925 24 7
872 935 18 2
872 983 17 9
872 1028 33 2
872 1081 25 10
872 1096 33 1
872 1114 42 5
872 1141 33 7
872 1152 29 7
873 874 23 8
873 875 23 5
873 888 50 8
873 889 14 9
873 890 37 2
873 891 26 5
873 892 9 1
873 893 15 7
873 894 20 1
873 950 3 4
873 1000 32 5
873 1028 11 2
873 1081 25 1
873 1095 11 10
873 1165 15 3
874 875 17 9
874 895 14 10
874 896 37 8
874 897 19 4
874 898 41 10
874 1169 12 8
875 899 18 10
875 926 45 5
875 937 29 4
875 1004 16 7
875 1055 6 1
875 1105 39 6
875 1152 19 5
876 1198 4 2
878 1085 48 3
881 944 24 6
882 1037 2 1
883 972 21 7
885 946 47 1
892 1019 41 2
892 1138 40 3
898 1161 35 4
900 901 47 9
900 902 39 10
900 903 23 4
900 904 35 10
900 905 15 7
900 906 45 10
900 907 2 5
900 950 29 2
900 980 6 2
900 982 49 8
900 1082 26 2
900 1096 9 3
900 1105 16 5
900 1110 27 1
901 902 27 4
901 903 10 4
901 904 50 2
901 908 18 1
901 909 20 7
901 910 7 6
901 911 21 10
901 925 49 1
901 952 7 9
901 967 35 10
901 1055 46 6
902 903 41 5
902 904 3 10
902 912 11 3
902 913 46 6
902 914 39 5
902 915 26 3
902 916 30 6
902 917 31 4
902 918 43 7
902 935 34 2
902 965 42 4
902 1025 12 6
902 1055 45 3
902 1080 5 10
902 1140 19 8
902 1150 10 1
903 904 39 8
903 919 48 1
903 920 45 4
903 936 10 4
903 1002 36 4
903 1025 7 9
903 1060 29 3
903 1061 32 4
903 1095 7 6
903 1165 14 2
903 1170 37 3
904 921 26 10
904 922 5 7
904 923 39 9
904 924 11 1
904 926 42 3
904 1003 47 7
904 1114 33 8
904 1140 31 10
904 1152 1 3
905 1094 23 7
910 992 47 2
911 1179 30 3
912 1087 15 7
918 1190 2 6
923 947 6 1
923 964 31 9
925 926 12 6
925 927 32 7
925 928 44 7
925 929 21 5
925 930 5 9
925 931 1 5
925 932 24 1
925 933 15 7
925 937 15 10
925 952 26 4
925 966 2 5
925 982 43 1
925 1003 35 1
925 1030 29 7
925 1055 44 9
925 1061 34 9
925 1080 3 9
925 1095 39 9
925 1105 33 9
925 1110 40 9
925 1140 20 5
925 1150 35 9
925 1151 17 8
926 934 33 7
926 937 13 5
926 950 21 8
926 965 2 6
926 980 10 2
926 1003 25 6
926 1028 5 6
926 1061 9 2
926 1082 14 9
926 1096 22 4
926 1110 38 10
926 1140 41 1
926 1167 23 1
926 1169 13 8
927 928 10 9
932 1091 17 1
934 1065 9 5
935 936 50 4
935 937 27 3
935 938 47 2
935 939 36 7
935 940 29 5
935 941 1 1
935 942 9 8
935 943 27 1
935 944 35 3
935 951 48 4
935 966 17 1
935 980 50 3
935 1026 35 6
935 1027 46 8
935 1055 19 5
935 1081 10 6
935 1096 1 4
935 1105 10 5
935 1169 9 1
936 937 34 3
936 945 31 2
936 946 39 3
936 966 46 6
936 1000 18 3
936 1055 30 9
936 1060 18 2
936 1082 35 8
936 1095 25 5
936 1105 48 8
936 1114 8 9
936 1141 13 5
936 1168 43 6
937 947 35 9
937 948 35 9
937 949 43 3
937 951 26 9
937 981 17 6
937 1003 42 5
937 1063 29 6
937 1110 34 4
937 1141 29 1
937 1150 15 8
939 1180 40 4
942 1146 15 3
944 1117 46 9
949 1047 30 10
949 1161 16 9
950 951 5 3
950 952 37 2
950 953 32 3
950 954 22 5
950 955 33 4
950 956 2 10
950 957 43 7
950 958 45 5
950 1001 8 6
950 1055 18 9
950 1060 8 2
950 1150 18 7
950 1169 3 2
951 952 27 9
951 959 10 7
951 960 37 8
951 961 41 3
951 962 49 4
951 963 18 5
951 1000 8 4
951 1030 39 6
951 1060 47 2
951 1081 15 2
951 1114 42 5
951 1141 22 7
951 1171 45 7
952 964 7 9
952 965 2 10
952 966 19 1
952 980 10 8
952 1029 36 7
952 1082 35 7
952 1095 21 6
952 1096 9 2
952 1105 27 1
952 1113 22 7
952 1141 40 5
952 1151 47 5
953 1035 6 2
955 1058 14 10
957 1128 29 2
961 1157 29 7
962 1064 35 7
965 966 49 3
965 967 45 7
965 968 23 5
965 969 23 3
965 970 23 5
965 971 43 10
965 972 44 7
965 1055 38 7
965 1061 44 3
965 1111 15 5
965 1115 3 2
965 1151 17 5
965 1170 17 7
966 967 39 5
966 973 13 1
966 974 5 7
966 975 13 2
966 976 9 4
966 977 15 7
966 981 23 3
966 1000 16 10
966 1081 36 5
966 1095 26 9
966 1105 19 8
966 1140 21 3
966 1166 37 1
967 978 42 3
967 979 1 9
967 980 46 5
967 1002 4 4
967 1027 40 10
967 1030 18 6
967 1055 21 2
967 1082 3 6
967 1096 23 8
967 1105 7 2
967 1141 15 10
967 1152 19 6
969 1022 31 4
971 987 17 9
977 1178 30 6
980 981 25 2
980 982 34 7
980 983 49 5
980 984 9 1
980 985 8 7
980 986 36 3
980 1028 47 8
980 1080 13 3
980 1150 2 3
981 982 46 4
981 983 26 4
981 987 42 6
981 988 38 10
981 989 1 8
981 990 9 1
981 991 48 10
981 1055 5 9
981 1061 33 4
981 1096 50 1
981 1105 24 8
981 1110 40 6
981 1115 35 1
981 1140 8 5
981 1167 48 6
981 1171 3 4
982 983 16 6
982 992 25 8
982 993 10 8
982 994 26 10
982 1003 20 10
982 1081 45 5
982 1105 18 8
983 995 19 7
983 996 44 10
983 997 34 8
983 998 14 7
983 999 29 9
983 1000 22 1
983 1025 42 4
983 1055 30 9
983 1060 18 10
983 1096 10 9
983 1141 22 7
983 1150 30 4
987 1045 48 6
993 1184 6 4
994 1153 25 1
995 1051 41 4
999 1155 48 1
1000 1001 7 4
1000 1002 10 1
1000 1003 47 2
1000 1004 9 8
1000 1005 29 7
1000 1060 33 6
1000 1062 20 10
1000 1105 8 1
1000 1150 13 1
1000 1170 12 2
1001 1002 17 4
1001 1003 35 8
1001 1004 48 2
1001 1006 23 2
1001 1007 13 10
1001 1055 46 8
1001 1082 14 8
1001 1096 17 1
1001 1112 8 2
1002 1003 44 9
1002 1004 25 7
1002 1008 12 1
1002 1009 38 9
1002 1010 12 5
1002 1011 26 7
1002 1012 34 8
1002 1013 44 8
1002 1014 13 6
1002 1015 26 7
1002 1016 43 7
1002 1026 30 9
1002 1080 45 4
1003 1004 34 5
1003 1017 22 8
1003 1018 12 5
1003 1055 45 8
1003 1095 7 8
1003 1140 31 10
1003 1141 37 8
1003 1150 29 9
1004 1019 2 8
1004 1020 12 4
1004 1021 26 4
1004 1022 19 3
1004 1023 1 2
1004 1024 38 1
1004 1025 45 8
1004 1105 37 7
1004 1112 20 1
1004 1166 23 8
1005 1127 50 3
1014 1191 37 9
1025 1026 44 5
1025 1027 25 6
1025 1028 6 1
1025 1029 50 6
1025 1030 26 2
1025 1031 39 2
1025 1032 34 3
1025 1033 46 3
1025 1060 39 2
1025 1114 47 8
1025 1140 47 3
1026 1027 41 10
1026 1028 3 9
1026 1029 5 3
1026 1030 1 10
1026 1034 8 7
1026 1035 41 3
1026 1036 3 9
1026 1037 43 2
1026 1038 25 2
1026 1039 43 2
1026 1040 37 10
1026 1080 22 6
1026 1140 5 5
1026 1169 11 7
1027 1028 22 6
1027 1029 13 10
1027 1030 36 1
1027 1041 37 6
1027 1042 35 3
1027 1043 7 3
1027 1044 2 8
1027 1095 9 2
1028 1029 17 2
1028 1030 46 6
1028 1045 14 8
1028 1061 12 1
1028 1096 16 6
1028 1105 43 7
1028 1112 38 2
1029 1030 35 8
1029 1046 12 6
1029 1047 2 5
1029 1055 23 7
1029 1105 45 7
1029 1152 1 2
1030 1048 30 1
1030 1049 14 1
1030 1050 39 7
1030 1051 22 3
1030 1052 22 3
1030 1053 4 4
1030 1054 38 8
1030 1055 11 4
1030 1081 5 4
1030 1170 46 7
1031 1038 22 6
1032 1164 41 1
1036 1173 48 9
1043 1046 25 3
1054 1127 32 3
1055 1056 31 3
1055 1057 13 5
1055 1058 50 3
1055 1059 23 10
1055 1061 50 4
1055 1063 47 7
1055 1082 46 4
1055 1095 42 1
1055 1105 36 2
1055 1114 27 8
1055 1115 27 10
1055 1140 44 10
1055 1141 12 3
1055 1152 33 1
1055 1169 47 3
1058 1121 36 2
1060 1061 42 1
1060 1062 20 4
1060 1063 42 3
1060 1064 38 2
1060 1065 41 7
1060 1066 27 6
1060 1095 22 9
1060 1110 44 1
1060 1151 37 3
1061 1062 15 5
1061 1063 48 9
1061 1067 22 8
1061 1141 30 9
1061 1171 13 9
1062 1063 35 9
1062 1068 35 3
1062 1069 43 7
1062 1070 27 5
1062 1071 48 7
1062 1072 6 2
1062 1073 39 1
1062 1081 41 10
1062 1095 40 9
1062 1105 45 7
1062 1111 16 7
1062 1151 3 10
1063 1074 48 9
1063 1075 7 5
1063 1076 20 4
1063 1077 18 5
1063 1078 1 1
1063 1079 38 8
1063 1081 2 2
1063 1141 37 5
1063 1168 47 2
1065 1179 38 2
1078 1108 9 7
1080 1081 44 5
1080 1082 1 4
1080 1083 41 4
1080 1084 16 2
1080 1085 4 9
1080 1086 48 2
1080 1087 18 8
1080 1088 35 4
1080 1096 42 6
1080 1105 9 2
1080 1115 48 9
1080 1141 44 2
1080 1151 9 4
1080 1167 32 2
1081 1082 23 9
1081 1089 31 10
1081 1151 44 2
1081 1169 27 8
1082 1090 41 6
1082 1091 44 1
1082 1092 3 7
1082 1093 33 1
1082 1094 11 10
1082 1095 15 4
1082 1105 16 3
1082 1113 22 1
1082 1141 3 6
1085 1122 41 1
1089 1188 32 9
1091 1177 1 5
1095 1096 3 4
1095 1097 31 6
1095 1098 34 1
1095 1105 7 9
1095 1112 16 7
1095 1152 23 5
1096 1099 39 9
1096 1100 26 9
1096 1101 19 10
1096 1102 38 9
1096 1103 26 8
1096 1104 23 7
1096 1105 11 8
1096 1110 17 8
1096 1140 32 2
1096 1150 10 3
1096 1167 43 1
1096 1170 20 1
1105 1106 13 3
1105 1107 16 2
1105 1108 39 8
1105 1109 30 3
1105 1113 9 6
1105 1114 18 2
1105 1140 10 7
1105 1141 25 6
1105 1150 40 8
1105 1152 17 4
1105 1165 2 2
1105 1168 13 1
1110 1111 16 4
1110 1112 11 5
1110 1113 27 8
1110 1114 1 2
1110 1115 36 9
1110 1116 5 7
1110 1117 14 7
1110 1118 32 3
1110 1119 17 3
1110 1120 44 2
1110 1121 50 8
1110 1141 7 3
1111 1112 8 2
1111 1113 13 4
1111 1114 24 7
1111 1115 21 7
1111 1122 37 3
1111 1123 35 1
1112 1113 2 7
1112 1114 40 6
1112 1115 2 5
1112 1124 9 6
1112 1125 28 4
1112 1126 22 7
1113 1114 40 10
1113 1115 39 8
1113 1127 41 4
1113 1128 31 8
1113 1152 1 8
1114 1115 45 9
1114 1129 45 5
1114 1130 40 1
1114 1131 44 8
1114 1132 26 2
1114 1141 14 4
1114 1168 19 2
1114 1169 16 7
1115 1133 45 5
1115 1134 15 6
1115 1135 6 9
1115 1136 41 9
1115 1137 14 3
1115 1138 23 8
1115 1139 36 6
1115 1151 42 3
1120 1178 3 7
1121 1162 9 8
1140 1141 29 2
1140 1142 35 8
1140 1143 40 6
1140 1144 44 5
1140 1145 40 4
1140 1150 14 5
1140 1151 25 9
1141 1146 42 5
1141 1147 24 6
1141 1148 26 4
1141 1149 9 7
1141 1167 18 3
1141 1168 28 9
1150 1151 34 6
1150 1152 11 1
1150 1153 5 5
1150 1154 46 9
1150 1155 22 9
1150 1156 38 2
1150 1168 27 1
1151 1152 4 10
1151 1157 6 5
1151 1158 28 3
1151 1159 16 9
1151 1168 33 10
1152 1160 46 2
1152 1161 36 5
1152 1162 16 2
1152 1163 42 10
1152 1164 47 2
1165 1166 15 1
1165 1167 22 5
1165 1168 8 4
1165 1169 17 3
1165 1170 6 7
1165 1171 3 10
1165 1172 5 7
1165 1173 41 3
1165 1174 28 7
1165 1175 7 5
1165 1176 44 8
1166 1167 1 7
1166 1168 24 6
1166 1169 40 10
1166 1170 29 2
1166 1171 19 10
1166 1177 11 2
1166 1178 16 8
1166 1179 45 5
1166 1180 46 7
1166 1181 13 4
1167 1168 38 1
1167 1169 31 10
1167 1170 22 8
1167 1171 34 3
1167 1182 35 6
1167 1183 50 3
1167 1184 8 4
1167 1185 40 5
1168 1169 7 4
1168 1170 44 10
1168 1171 38 2
1168 1186 41 8
1168 1187 1 5
1168 1188 23 6
1169 1170 30 6
1169 1171 24 2
1169 1189 21 4
1169 1190 45 9
1169 1191 4 10
1169 1192 31 5
1170 1171 22 9
1170 1193 20 2
1170 1194 32 5
1170 1195 47 10
1170 1196 40 6
1170 1197 3 10
1170 1198 27 8
1171 1199 46 7

0 384 22 0
1 579 8 0
2 1016 14 0
3 673 16 0
4 336 51 0
5 1173 38 0
6 227 23 0
7 805 22 0
8 670 8 0
9 526 1 0
10 10 43 0
11 80 27 0
12 187 4 0
13 923 48 0
14 1144 47 0
15 431 27 0
16 946 38 0
17 1087 19 0
18 854 17 0
19 66 5 0
20 12 21 0
21 928 66 0
22 1073 22 0
23 852 10 0
24 149 41 0
25 383 14 0
26 258 7 0
27 592 11 0
28 85 13 0
29 858 19 0
30 976 5 0
31 811 25 0
32 682 30 0
33 915 15 0
34 481 25 0
35 996 22 0
36 681 8 0
37 146 38 0
38 604 31 0
39 235 42 0
40 777 30 0
41 246 11 0
42 686 28 0
43 521 20 0
44 405 8 0
45 321 45 0
46 921 7 0
47 624 4 0
48 320 18 0
49 693 27 0
50 717 29 0
51 102 8 0
52 164 23 0
53 40 5 0
54 724 30 0
55 147 3 0
56 968 14 0
57 942 10 0
58 629 17 0
59 304 76 0
60 1091 22 0
61 1184 15 0
62 994 24 0
63 265 15 0
64 855 76 0
65 376 27 0
66 305 15 0
67 520 8 0
68 133 26 0
69 1033 53 0
70 771 47 0
71 375 21 0
72 876 9 0
73 1154 32 0
74 613 30 0
75 233 6 0
76 508 23 0
77 1077 66 0
78 1153 18 0
79 139 38 0
80 731 9 0
81 352 8 0
82 884 1 0
83 494 2 0
84 1035 25 0
85 955 71 0
86 639 13 0
87 1148 10 0
88 722 49 0
89 1041 48 0
90 138 36 0
91 242 27 0
92 1086 47 0
93 112 21 0
94 1018 10 0
95 566 14 0
96 504 14 0
97 271 31 0
98 379 12 0
99 773 19 0
100 22 21 0
101 597 11 0
102 241 2 0
103 216 4 0
104 608 25 0
105 326 7 0
106 348 10 0
107 987 62 0
108 410 24 0
109 370 43 0
110 482 1 0
111 1 21 0
112 745 41 0
113 281 25 0
114 784 29 0
115 260 6 0
116 961 40 0
117 793 29 0
118 898 54 0
119 364 11 0
120 1139 24 0
121 266 33 0
122 720 47 0
123 537 22 0
124 38 17 0
125 894 18 0
126 1145 28 0
127 914 57 0
128 126 23 0
129 776 9 0
130 475 28 0
131 560 26 0
132 956 9 0
133 909 12 0
134 974 3 0
135 1172 2 0
136 299 11 0
137 605 10 0
138 182 48 0
139 301 14 0
140 141 22 0
141 553 12 0
142 291 14 0
143 1178 61 0
144 938 11 0
145 973 4 0
146 351 28 0
147 556 30 0
148 1183 19 0
149 144 27 0
150 417 23 0
151 615 8 0
152 559 33 0
153 500 22 0
154 746 1 0
155 309 54 0
156 1092 2 0
157 813 7 0
158 1174 15 0
159 230 9 0
160 154 19 0
161 371 44 0
162 669 47 0
163 710 30 0
164 849 30 0
165 50 27 0
166 128 15 0
167 1015 35 0
168 947 15 0
169 563 38 0
170 455 52 0
171 1088 21 0
172 535 28 0
173 204 27 0
174 622 53 0
175 1119 18 0
176 100 26 0
177 209 20 0
178 401 24 0
179 1160 35 0
180 150 103 0
181 561 2 0
182 61 15 0
183 41 17 0
184 307 23 0
185 456 38 0
186 999 20 0
187 403 21 0
188 259 7 0
189 1133 31 0
190 478 8 0
191 554 10 0
192 550 6 0
193 989 1 0
194 890 25 0
195 462 19 0
196 1125 10 0
197 1120 29 0
198 596 59 0
199 280 32 0
200 1024 33 0
201 59 28 0
202 661 19 0
203 635 25 0
204 190 9 0
205 949 31 0
206 878 64 0
207 429 2 0
208 957 44 0
209 580 16 0
210 599 3 0
211 264 71 0
212 609 15 0
213 306 8 0
214 910 35 0
215 668 30 0
216 653 15 0
217 447 11 0
218 381 26 0
219 474 5 0
220 748 30 0
221 1157 23 0
222 843 9 0
223 409 51 0
224 205 8 0
225 1022 30 0
226 1192 21 0
227 212 10 0
228 353 40 0
229 1180 38 0
230 523 13 0
231 924 28 0
232 756 26 0
233 932 27 0
234 1103 14 0
235 411 38 0
236 270 37 0
237 919 23 0
238 294 35 0
239 568 18 0
240 329 22 0
241 292 36 0
242 39 21 0
243 1109 21 0
244 721 53 0
245 231 5 0
246 1039 11 0
247 58 32 0
248 1032 49 0
249 145 8 0
250 53 88 0
251 327 5 0
252 78 9 0
253 111 34 0
254 62 32 0
255 1010 4 0
256 424 9 0
257 418 20 0
258 1106 7 0
259 886 12 0
260 427 54 0
261 402 15 0
262 185 18 0
263 708 12 0
264 1195 56 0
265 1100 8 0
266 892 97 0
267 1085 21 0
268 1163 29 0
269 1198 8 0
270 984 8 0
271 896 44 0
272 1147 37 0
273 1005 42 0
274 1156 29 0
275 1122 29 0
276 623 16 0
277 1006 8 0
278 810 6 0
279 319 19 0
280 712 14 0
281 4 9 0
282 891 14 0
283 170 34 0
284 183 34 0
285 725 17 0
286 237 16 0
287 744 27 0
288 44 2 0
289 168 49 0
290 719 55 0
291 781 23 0
292 1089 72 0
293 372 26 0
294 945 12 0
295 377 31 0
296 794 51 0
297 1013 14 0
298 322 64 0
299 929 11 0
300 514 27 0
301 998 20 0
302 1069 40 0
303 1149 4 0
304 1045 38 0
305 240 8 0
306 69 31 0
307 644 24 0
308 822 17 0
309 667 30 0
310 754 21 0
311 174 40 0
312 349 1 0
313 1009 25 0
314 19 16 0
315 68 8 0
316 244 51 0
317 46 3 0
318 679 38 0
319 971 37 0
320 1176 36 0
321 636 25 0
322 584 17 0
323 426 27 0
324 1164 52 0
325 829 54 0
326 672 32 0
327 450 18 0
328 564 16 0
329 495 75 0
330 978 51 0
331 527 26 0
332 162 50 0
333 1142 18 0
334 1199 23 0
335 1162 36 0
336 757 16 0
337 278 34 0
338 992 29 0
339 1101 10 0
340 438 15 0
341 210 3 0
342 851 24 0
343 76 11 0
344 798 49 0
345 934 29 0
346 218 33 0
347 657 21 0
348 534 16 0
349 386 40 0
350 189 49 0
351 817 15 0
352 525 23 0
353 124 12 0
354 539 9 0
355 191 17 0
356 888 24 0
357 1177 69 0
358 173 54 0
359 341 45 0
360 595 35 0
361 573 30 0
362 105 25 0
363 857 21 0
364 197 13 0
365 641 12 0
366 610 15 0
367 148 42 0
368 674 25 0
369 866 1 0
370 42 21 0
371 790 4 0
372 186 40 0
373 389 15 0
374 446 11 0
375 1023 8 0
376 692 50 0
377 81 34 0
378 239 97 0
379 1047 42 0
380 1046 24 0
381 1128 47 0
382 882 20 0
383 818 2 0
384 664 33 0
385 460 15 0
386 907 2 0
387 390 10 0
388 1093 17 0
389 391 3 0
390 451 9 0
391 696 13 0
392 528 56 0
393 342 1 0
394 166 37 0
395 666 28 0
396 683 12 0
397 343 21 0
398 1196 36 0
399 618 6 0
400 634 10 0
401 841 39 0
402 964 25 0
403 751 6 0
404 323 33 0
405 497 4 0
406 758 27 0
407 1084 14 0
408 780 9 0
409 594 22 0
410 1066 10 0
411 414 9 0
412 1090 17 0
413 1048 24 0
414 986 11 0
415 694 3 0
416 1191 30 0
417 671 25 0
418 885 42 0
419 404 61 0
420 248 22 0
421 262 21 0
422 152 56 0
423 432 12 0
424 465 11 0
425 277 14 0
426 136 64 0
427 806 62 0
428 151 18 0
429 590 12 0
430 129 8 0
431 533 10 0
432 643 64 0
433 880 15 0
434 933 10 0
435 567 12 0
436 727 8 0
437 985 6 0
438 496 21 0
439 575 17 0
440 948 21 0
441 1008 7 0
442 582 4 0
443 797 9 0
444 1040 22 0
445 1187 39 0
446 730 10 0
447 60 9 0
448 208 10 0
449 344 20 0
450 400 23 0
451 1188 32 0
452 577 64 0
453 338 36 0
454 249 3 0
455 697 22 0
456 807 44 0
457 969 47 0
458 859 20 0
459 625 28 0
460 479 39 0
461 165 24 0
462 282 2 0
463 52 21 0
464 977 20 0
465 480 15 0
466 195 12 0
467 1064 26 0
468 1058 25 0
469 591 13 0
470 243 13 0
471 406 16 0
472 959 8 0
473 827 64 0
474 75 40 0
475 394 10 0
476 354 52 0
477 783 7 0
478 684 38 0
479 142 7 0

0 900000